10000 10000
2558 8673
821 6235
5602 7984
201 3415
2997 8212
1795 4739
6341 7674
1062 2504
8670 8777
4941 6147
5714 9534
2532 5518
1770 8395
2459 8590
2160 4839
4011 7891
3318 9214
1461 7547
5745 7698
2462 3723
113 6440
2593 7105
1333 8173
1469 9401
4715 9450
3557 6963
1976 9521
2093 7307
5605 8142
8859 8969
3501 8925
3078 8626
3846 6771
3914 4473
1822 2731
8871 9046
3182 7348
5719 9522
1465 8288
4940 8696
3504 7150
6499 7355
2532 4792
2371 7263
1215 3456
3212 3811
716 2655
8382 8889
6637 9497
1582 6605
8365 8987
1490 7793
4059 4965
1476 5949
878 2746
2873 9253
2190 7641
5097 6509
1799 7984
3313 9155
5849 7839
6815 8963
4557 8812
8224 8877
6006 8486
1232 5833
5976 6503
5634 5853
4794 9760
534 5908
2724 9527
2629 6780
3230 7840
1413 3432
2399 2515
6880 7408
20 9777
674 1948
3845 8962
1970 6086
1089 6016
839 9809
3287 3409
3105 5091
2709 6051
627 6687
3026 5187
851 8420
3750 4278
2305 5788
306 2423
258 6048
4507 8403
7825 9905
7531 9435
7506 9710
3868 4009
15 610
349 2276
5077 7710
1480 2344
421 8944
4362 7331
3812 5569
2420 9895
5442 5822
52 6806
3607 9991
2917 8828
1419 2617
524 5115
6578 8817
2818 6562
4891 7059
9027 9277
4081 7815
1066 8187
4 2845
1966 8399
2483 8397
21 9206
294 2764
2284 4585
1101 7057
1554 3078
9067 9411
2380 7262
5325 8078
2079 6277
9237 9579
1937 3898
5824 6396
3426 7607
4159 7540
693 6525
5750 7807
5775 5875
5882 6710
499 1031
868 1235
5901 6774
1216 9647
6721 8504
258 3797
1917 4125
1905 2967
6198 7546
2131 8725
150 5577
5537 8625
7004 8540
1731 4643
1197 8490
6715 8611
2403 5041
1687 3858
5238 8219
3167 4390
1382 2343
3138 4848
2576 7600
1973 6512
5218 6804
2485 6285
3370 5298
2124 8398
3895 8887
2728 7227
1822 8440
3475 9251
4644 6215
1701 3223
3213 4665
749 7606
770 1308
5198 6216
5102 9871
5429 7459
1983 7879
2460 7900
6742 9902
7194 9328
419 9260
8094 9335
1503 9741
1002 3714
4294 6270
1594 2466
3483 3567
2140 2832
1692 9390
3052 3142
9142 9937
4576 8344
327 5022
1721 3005
7954 8431
6625 8294
3807 9832
84 6013
9420 9612
488 8940
6291 8997
447 5152
4345 6776
155 4567
4290 9562
761 1995
5499 5877
184 5284
1471 3373
4368 9876
632 1791
4258 7805
7032 7757
2956 3673
3300 8195
6236 7578
7750 8557
6972 8219
3382 8922
659 8317
3070 9983
8168 8197
7933 8924
559 6104
5482 9495
7256 7641
3308 6803
924 1434
4738 7252
2380 6343
30 8205
6278 7295
6633 8516
5161 9139
6719 9560
3530 9104
6016 8108
2632 7032
6931 7740
7992 8013
4615 8011
7840 8769
1862 6681
4937 5052
376 9405
1422 4668
875 7320
223 6791
8870 9866
7668 7672
94 8165
1850 9215
6347 8703
1660 2779
5047 9665
3422 5721
1638 3566
4058 8972
1946 5725
748 8469
5122 7901
422 822
7764 9243
7943 9530
3824 8197
2823 9937
5962 9059
327 1254
1046 5517
1139 2152
2379 8353
73 6572
1940 3072
3021 9984
3691 4683
167 9017
6510 7588
3201 3698
3608 4795
1287 5491
1822 7501
1076 6755
5051 8742
5314 5597
1602 9313
2913 3346
3323 7080
1094 2971
1175 2349
3285 6303
1120 6638
8613 9558
5337 7354
7006 9379
7322 7850
858 3598
5939 6829
1284 4880
1788 3235
7157 8393
2316 6024
4539 5877
2079 8449
3864 8909
728 6571
6197 9198
5312 5683
6503 6708
3316 4091
3215 9243
3404 6932
4818 9070
792 1743
1431 6143
929 7318
2110 9902
5448 5775
2874 4162
4647 8568
4005 8322
733 8194
2335 8928
1054 7562
3792 8005
4206 9205
7959 9227
2800 4474
6700 9279
3129 8937
2587 5089
503 9218
2079 7683
5336 7387
1960 2175
1969 3541
1420 8624
743 8789
501 4354
5594 8226
4349 7118
297 7261
4130 4937
2738 9817
930 3259
5359 8917
5388 8234
1596 5603
5239 6990
418 9189
2108 7542
2909 6724
3580 9592
2382 3413
7121 9395
6 2376
5847 6169
3273 7814
1912 6725
3192 9583
92 2880
2297 3428
7556 9092
6194 7752
491 680
1928 4226
2854 8669
739 9884
826 6002
128 5334
102 7913
1013 4554
1877 8882
6653 8363
3993 8585
5881 6945
2828 3105
6261 8735
4886 8225
694 7472
738 2979
1122 3267
5461 6203
2434 3020
1349 3416
2732 9128
221 8155
1277 7525
4119 9301
2996 7100
6012 9172
558 5166
4800 6084
4603 8013
3828 4846
4968 9207
6679 7672
237 6568
1743 3466
4045 9537
1250 7859
1704 2670
981 3937
2968 6310
2079 3518
2861 9612
8261 8994
6960 9590
4845 7997
2833 9173
1940 5568
3611 6459
1884 1887
1898 5630
169 1102
34 4709
6982 7649
3956 6810
8491 9458
174 9581
344 9397
4331 4877
4737 8170
32 5005
726 9243
8150 9215
4232 4266
1661 9247
2832 3921
1524 3663
1714 9742
1048 3538
4092 7564
897 8210
8349 8973
6473 6818
6905 8600
1079 5881
7506 7713
699 2773
589 6200
3154 3337
555 4526
4342 7786
8312 8959
998 3117
3801 6776
4695 9494
1223 9320
10 7553
6900 7720
7093 9150
7294 9723
4644 8430
5899 8036
931 6284
5437 7131
2725 6374
6002 9699
5239 8203
3839 5158
8190 8818
7432 7474
2119 7086
402 711
2174 3901
7374 9191
1513 5982
3497 8892
1892 5252
2246 8514
518 1425
1357 5625
2278 2594
1318 7139
583 1882
2885 7912
5145 8260
3507 6885
4528 8997
322 4432
4167 8826
3445 5170
3637 3728
1617 2144
7974 8520
614 3405
1373 2022
1235 9213
998 7509
5310 6020
2125 8045
2465 5532
2169 6951
1156 8262
651 8238
2695 8467
1122 3738
1721 9891
1975 7391
2688 2821
2405 2941
5746 6325
5027 8828
7817 9176
103 8501
4076 6743
2279 4849
263 3700
10 9689
4591 9709
5182 5766
410 6827
3565 3666
7243 7947
4941 9485
2419 6791
6629 7760
2249 4986
3789 4526
3373 3913
1678 7292
3168 6315
3736 4803
6901 9315
2549 4807
186 4844
2961 9166
342 4870
4893 5661
655 9402
1066 9651
2680 5672
1639 4038
2637 9945
3919 5105
5103 9002
6179 9371
2609 4531
239 4210
611 2383
1378 4844
4068 6832
2080 4411
30 7125
1417 9266
72 3305
6740 7506
6337 7993
3819 4476
965 3869
1926 2812
3370 6515
3202 6829
98 2644
1313 3764
2915 8366
2168 4572
173 2831
5398 9639
5754 6231
5008 7403
5520 6681
2984 7149
4217 7392
102 5395
283 3734
4877 5180
2000 8769
1326 5510
3665 4600
4462 9469
4451 6647
688 6562
1617 9472
8243 9333
8055 8234
4116 5482
4920 7351
2792 3316
5535 9800
4442 5136
2386 4930
2838 9804
4560 5914
5755 5815
6706 7857
6608 8617
100 4834
2041 5648
5782 7629
6588 7103
6624 7944
2183 6021
3137 6134
3757 5697
7551 9052
6669 8494
6388 9227
6702 7830
24 727
925 8148
3728 4043
6686 8292
8472 8764
346 6313
459 6550
2541 6966
4610 9248
6707 8273
9343 9491
4641 8315
6160 9082
5147 5809
4427 7772
3568 6842
2375 6841
1194 3841
8134 9602
368 3303
5939 7863
5044 5459
2637 7988
2436 4809
7164 8271
2081 8521
5532 5670
5021 5190
2888 8742
526 7290
5087 7333
7839 9116
3077 4657
4546 8295
2150 7972
4967 6818
3971 7226
2073 7364
1419 8682
7043 8115
122 3518
3493 6653
9107 9266
6285 8820
3562 7851
4346 4811
571 7762
3075 8739
208 6609
4665 9299
4065 8155
7308 8684
1104 9945
686 6378
6527 7076
872 6719
1960 6112
7900 8680
2013 6058
4744 9172
3789 4142
2502 9303
841 1142
4382 5644
1069 4084
1731 9954
5846 8985
1058 7340
593 3476
604 4650
1838 4222
2564 3759
3473 9529
2350 9169
189 7676
3591 6867
6624 7031
4904 9060
5993 7369
1556 3603
5053 6531
744 8153
772 6760
442 8770
654 7857
2047 4153
1380 7829
3109 8328
3310 4449
5177 7949
888 2585
877 3402
188 5094
2657 8928
2487 4876
1706 4196
7218 9628
466 3891
2779 8949
2334 6876
5547 6589
670 7731
2799 6248
4175 8323
7928 8571
5248 5840
7785 8534
1385 5869
558 6481
678 2700
883 1600
2261 8775
3424 7309
870 8883
783 1030
1627 8293
3263 4982
3007 3993
3054 4536
8470 8563
7092 7561
5887 6988
5005 7636
4401 7668
1692 3220
5360 9722
3121 5165
5085 5469
4155 6268
2975 8049
366 8185
375 1156
3001 6024
2622 9099
2919 8818
8975 9990
5079 7500
6840 9949
4737 4941
596 7137
4044 7466
870 3122
3715 4599
1296 7109
8200 8546
4062 7977
3602 8560
3080 9603
2221 2779
1349 5102
3008 8294
2105 5013
7155 9116
3027 4658
1617 9603
8286 8833
1535 2540
365 7750
8858 9318
4789 6175
112 2657
844 2890
2994 8269
2734 5425
3242 8671
6041 8271
2682 3568
3906 5029
2318 3372
869 5772
6124 9124
2930 8865
1316 8856
149 9873
1849 8444
3600 5005
4267 9952
2960 4753
2089 3421
5272 6577
7303 7651
1767 9804
7710 9958
1736 2316
864 1761
3252 9526
3492 9294
1874 3007
8485 9277
3383 6806
8447 9976
227 8025
1683 6403
3037 4578
2993 9552
1466 1690
7207 9803
6044 8234
1224 3336
2626 3276
22 1435
4805 9879
3385 9401
2754 7233
1690 3280
7793 8725
1960 9821
9102 9277
370 3976
282 2229
2297 7659
3130 8718
3558 4858
4694 7593
4218 7272
3545 6237
4738 9380
133 2752
8822 9166
174 2182
101 8878
113 1079
1250 4089
4887 9881
2530 7582
3424 5740
2144 7967
2820 3540
3937 8517
4173 5145
3174 3520
5420 5751
406 1637
4676 9653
4212 7402
2477 5588
4335 7926
1942 4418
1261 4319
1277 1860
2148 8339
6528 9701
2564 8796
3611 7847
4897 7438
6064 8039
1432 7117
830 8679
5676 6635
4908 5873
158 6288
1895 4482
2779 9672
136 4481
60 3048
3951 4161
4588 8805
2115 7647
378 9872
561 5735
3232 7297
317 4796
1256 2823
2762 9632
4460 4919
172 7053
4756 9656
1911 4478
306 3489
4956 6126
4519 7598
7207 8209
8822 8844
1718 6959
3027 5050
1108 6040
4407 9059
50 3342
1691 9540
5154 9140
966 6514
2010 9599
2212 2968
6399 8283
4627 6416
1249 7117
788 7898
3280 5045
533 3266
225 2538
3495 7900
5768 9086
1779 2355
6990 8533
5828 6363
732 8978
4774 6474
2895 6249
4970 6310
48 7462
5484 6008
4100 5478
6102 7119
1409 6725
3826 5655
1376 7056
687 6225
5681 7573
7644 9608
3237 6602
831 7736
495 582
3841 9257
2126 3827
9379 9965
2718 8368
490 1792
3638 7754
8032 9562
1064 9818
5380 8181
2221 6482
2364 7761
3035 8255
6808 9278
1478 4390
6904 9878
3006 5652
4590 7313
1670 1699
5808 6700
4144 8956
4333 7034
2727 3556
6870 9594
3697 9026
2809 2815
3832 4150
5579 9428
6700 6915
2259 6167
167 949
1876 8726
1014 8724
3647 4511
5681 8485
1073 5356
4362 8505
9436 9689
6552 8249
1421 6919
1631 3572
6017 7745
219 9008
777 7990
4973 8384
2228 6146
343 6356
4884 9887
6942 9062
1509 2532
1991 5480
2614 6164
7356 8160
2567 2644
927 6196
525 3657
2639 4206
2501 6758
5944 8137
6411 9920
477 966
803 956
7425 9441
4660 6762
4570 6630
2661 5258
1788 2798
2334 7311
6549 9203
5371 7513
3199 4355
7450 9987
1703 9655
1684 2472
2890 7707
2285 7325
4477 5642
6578 7615
4554 4601
6642 7552
573 6185
892 1847
2754 7131
4583 4723
1832 8291
1191 7295
1434 3196
7198 8505
4086 4918
1672 5550
5144 9626
4891 7950
61 9158
3469 8275
282 7145
5214 9747
6068 7973
4559 9922
3058 3063
1258 5836
740 9067
1645 2133
6197 7554
8612 9085
2860 9305
311 4752
4491 7937
1394 7331
3303 4428
4282 9947
3637 4623
1259 1714
6343 8160
3873 7186
1038 5550
1361 1679
8143 8207
1877 5508
3915 6620
5767 7648
5680 7881
8145 9151
526 7146
4607 9795
3053 7278
5432 9751
878 4881
2277 8908
3769 8889
2910 8331
1568 6713
8251 9309
1778 3527
3407 9421
1715 8435
2490 7995
7707 9430
5962 7008
643 4049
1439 6080
6075 6510
2982 9540
2282 9614
2696 4054
2241 4711
2456 9488
4626 8505
5375 6542
2540 5700
4618 8203
1220 7097
5673 7549
2411 7457
4871 6313
888 5913
570 8286
646 8852
4070 5685
2903 6312
6636 8681
692 9162
2675 7780
2918 6692
2890 4060
2763 8867
1107 9748
3013 9962
5704 9490
554 1877
4069 8777
1789 4328
7323 9852
3816 9862
7205 9197
190 920
2307 5833
4565 9502
8063 8587
5331 8402
4383 6201
5937 6623
3008 5258
75 2243
227 9461
2703 8979
4825 8412
7673 8350
3960 9876
5276 7961
207 7052
4330 5362
2694 2962
8522 9725
6303 7791
4090 6008
88 2957
6450 9034
3752 7384
231 709
1898 8698
1326 4947
2982 8845
1957 9775
3423 7888
376 1395
4728 6346
1025 8205
1427 5807
5339 5888
5682 6746
5074 7219
5406 8450
4067 8832
5385 5702
165 6697
3710 9512
2933 7671
1537 3347
1434 7857
4399 8026
2390 5849
5049 7091
5761 6373
6658 8333
2395 5999
4618 9255
2523 2711
714 2008
1440 6348
3010 7120
440 1755
20 3259
7753 9576
3415 9303
5316 5338
939 8721
4978 5723
1972 4213
4361 5517
5363 6575
1339 1931
3906 6151
7566 8146
8898 9762
1226 2810
3078 3436
4585 8792
3572 4729
4715 9068
646 7197
103 7401
9037 9275
639 8276
2802 9739
2264 9109
3156 8161
4796 9258
7244 8557
1854 9431
6812 6900
2375 4409
4507 6889
3393 5655
2323 6747
5477 9376
6936 8156
2665 8938
1112 3853
1937 2947
2392 5472
1986 2425
4722 9262
4756 7231
1735 3042
7063 9257
976 7892
781 6451
2239 8993
1288 8465
5949 6113
2050 4102
3416 6605
5980 8714
3964 9577
4089 8954
2294 3710
1182 6497
3760 4960
1412 1572
117 4484
1009 2596
7161 7863
144 9575
3151 8728
1985 9352
3273 9998
679 3067
4479 9971
3097 6656
2276 5708
2546 3021
1216 4171
1282 5598
6203 9345
181 5489
9100 9206
8133 9825
1964 6500
1507 9000
1677 6408
2736 7452
4251 6730
566 6491
2063 2464
2675 7044
5740 6019
595 6326
5882 7472
481 7036
5389 5729
2830 7561
4799 6074
477 5212
3118 5413
34 1617
4400 5379
2415 9264
5178 5490
3575 4567
4816 5801
6269 8880
4003 7372
2930 5204
8128 8857
825 6055
799 5243
1862 3867
6855 9892
5166 9888
5750 7900
5460 8598
6484 7256
292 4314
5590 5988
1101 5556
3491 6506
1619 4321
437 2000
2707 3564
5229 6795
4957 8166
3612 4753
1380 2437
2966 5185
5774 7167
5659 8070
444 1620
843 4802
4151 4737
4236 5719
4233 5851
3293 7167
609 3447
1348 4470
1763 3508
3057 6601
3461 9209
67 4763
3494 4114
2026 3271
3328 9282
1212 7991
7078 8566
779 1377
3044 7599
6363 9701
4623 5882
4289 9954
2173 7589
6679 7274
4667 7685
4558 6246
991 8172
1423 9903
2107 3796
3263 3395
6683 7326
5499 6911
2893 3977
5419 8334
1273 6171
235 6889
7111 8487
935 4811
6626 6881
5108 8530
5438 6885
7717 8766
1267 1464
6393 7353
32 6493
278 7634
2679 6268
3747 7519
3846 5568
6654 9025
5795 5862
3120 3981
346 2908
1174 3649
2634 8900
413 3982
6112 8797
5683 8868
718 7657
6199 8684
2309 5532
5573 6704
3953 4968
2357 2599
3318 6527
1312 9216
3258 8188
4560 9016
1839 6594
310 583
338 9662
509 5006
7126 9792
5674 6708
7095 8347
485 5774
2169 5045
5203 8615
1334 9006
1129 2730
740 6329
653 6654
362 3986
3964 5429
1663 3394
2106 8379
702 1515
1870 4384
446 4395
5220 7741
1325 6582
2805 8627
1560 4413
337 399
248 3405
7455 8562
3090 9105
2595 8407
2551 8489
624 5390
3798 7553
812 4334
4063 5011
1676 4000
3719 3734
2619 8206
921 6182
1422 7778
740 6619
7781 9413
9959 9984
6565 7067
3044 3940
3312 9315
7668 8915
6995 9955
1260 3102
3037 7981
5540 7158
4127 9647
7205 8667
5642 8131
3072 5616
6493 9373
4428 9699
6907 7629
1230 4427
3405 6881
4619 8820
5423 8096
1508 9934
658 8113
5857 8781
211 4537
1478 3429
1101 5579
1666 6502
2152 5075
4218 8206
5964 9498
6354 7119
1306 7284
689 8387
6311 6495
2434 9275
6247 8602
2435 4722
2438 5074
2914 4330
312 523
6471 6912
6460 8293
3713 3738
885 4952
1199 2170
359 5249
1337 5337
2491 8030
6611 9483
3750 4284
1326 3395
7763 9860
2807 9587
6800 8873
4680 8238
6204 8731
553 4004
7223 9570
2466 9729
3690 4733
1706 4024
7023 9571
1902 3183
5396 8671
4835 5926
3826 9535
4659 7658
4136 9546
1797 7224
5664 6010
5093 9643
2570 4113
638 7472
705 2677
5700 5983
967 5129
1472 4964
8691 9387
3873 8012
7475 8451
394 3818
1885 5976
6497 8449
4299 5751
4697 6297
1277 1988
5843 9406
2998 8987
1349 4445
2432 6061
335 4964
333 5181
1545 8769
4517 9063
259 8980
5484 6758
2189 8000
2425 5909
8402 9587
3410 8367
3007 5448
4515 6571
1407 4208
6063 9815
3710 8113
8033 9129
1999 9366
2099 3257
8317 9782
8353 8506
7165 8181
2500 4834
6060 8931
278 5118
601 4700
5396 6027
810 6894
2950 5051
468 8170
1389 7090
4939 8152
871 5855
5749 8102
5753 7575
4994 9791
18 101
249 9096
1056 6804
1595 8484
5002 6590
3641 6142
282 9056
549 9413
2355 5901
778 4623
4237 6182
285 3321
1277 8312
207 8185
272 2204
6795 9427
87 394
381 2668
5454 6140
1774 6794
4951 6813
2949 3181
2371 9913
4044 8061
1904 2396
124 2540
940 6719
6569 9139
7329 7387
1599 8620
356 3043
1502 8577
945 8052
5243 8242
1841 7325
828 8531
2325 6483
2578 3315
3097 3742
662 2394
5874 8301
36 7629
3529 8222
1252 5811
1012 5049
7865 9218
4997 5396
8777 9936
1702 2546
1004 5563
1900 7740
6888 9630
3553 8919
2290 6671
3305 6198
5141 6056
3875 9770
417 1013
3098 3740
1380 9773
2766 9975
7934 9731
1072 7611
2326 2833
6851 9964
550 2377
7342 9125
436 1621
4088 9809
2361 8971
8959 9656
221 7204
2103 4977
9286 9672
2274 3592
2585 9255
7655 9079
3378 8463
6771 7441
3374 7531
4012 6249
3849 8266
2573 7126
4160 9485
505 9845
22 443
1490 2076
1576 3625
1600 8061
5232 8277
5464 8774
1348 3155
4158 9299
4454 6875
2439 5816
7281 8337
2228 7268
6379 8757
7034 9005
615 5224
3456 4934
1525 5244
378 5764
3185 4962
2940 9514
2552 3189
2980 9906
711 6356
4848 8783
4829 6970
5923 6525
1762 6478
8716 9960
3769 5647
445 3447
2450 9389
2549 3218
7219 9406
2915 9660
5430 6152
4795 6851
657 9239
1449 5188
922 3741
6405 9307
4790 5188
3572 7200
3268 3782
4932 5978
754 1038
6949 9646
3637 7619
8871 9206
2020 5884
6547 8363
6008 6331
151 9795
2090 7670
5322 6022
884 2382
3163 6285
4656 4685
6565 7110
71 358
2538 5909
1807 4840
3983 8806
1601 2760
2197 4595
2560 5082
3159 9551
6229 9433
4386 9927
5381 9515
364 6516
1820 4959
339 7939
883 8991
5669 8875
5656 6075
6686 7170
3552 9397
160 686
2150 7496
1285 5371
4097 7915
1240 1762
2245 6718
2277 9754
4331 8275
2068 3451
4033 7498
6720 8237
7232 7488
5202 6432
3881 5070
832 8649
419 5548
182 349
4152 7226
3599 9692
4475 7828
163 3542
1050 8827
4704 5085
1820 4969
1317 3869
5871 7677
1268 6421
7238 7284
468 6819
7253 7858
3682 8908
4384 4813
1595 6660
475 5454
6797 8879
2090 5802
1487 5622
1500 3121
4425 7141
760 9478
1297 5083
4717 8332
6070 6947
549 7378
665 3341
3346 5178
6865 6899
5873 7492
2704 8160
7204 8325
4191 6939
5347 7711
110 3937
4229 7682
3425 7025
4765 7685
382 9752
371 544
2033 5435
8257 9170
3123 7996
5271 7338
618 8913
4354 9363
1605 6215
6184 7302
1876 9003
4374 7368
9093 9665
7587 8960
1924 5213
4788 8537
498 5518
494 8627
5135 9943
7075 9984
3509 8090
2124 9518
1458 6733
3594 6627
1380 4932
2300 6322
1374 6598
111 8111
478 2718
2697 9823
2279 3433
809 2431
952 4742
2140 4469
1169 6920
8596 9201
419 5521
7020 8584
7768 7930
552 7051
342 8357
2415 5376
94 794
6619 7567
7166 9432
4299 4319
5024 7185
6847 9175
776 3676
2070 8663
1436 9144
573 8145
5307 8123
6844 8520
2104 6537
4465 7702
1604 9382
691 7918
1392 5813
2050 9843
4600 5003
261 8950
3010 5787
43 1617
9135 9749
1527 9333
4812 4869
365 2938
5685 6611
66 4697
1450 8979
1047 4140
7766 8521
3283 7476
4791 5460
1345 3968
3932 7325
1514 4154
4449 8960
4321 5322
7505 7720
1330 2912
3062 6528
2746 5008
1313 5021
4655 9666
2232 6869
2629 7724
4485 7818
5027 5504
2860 8966
8918 9614
3287 5487
6562 9356
1519 2503
5931 6692
6510 7568
2460 9042
1661 5887
4881 8371
2877 5055
60 5276
73 2917
6154 7504
1719 2545
1392 3080
5129 6333
4601 9959
1429 6262
8389 9944
7532 9409
4703 8146
1738 8456
4078 8070
6528 6818
6912 7309
6396 9660
5131 8053
4558 9756
3462 3764
4451 6427
63 7361
2674 4558
2527 2862
3569 6368
47 6665
5038 7563
3160 6406
2113 2330
269 9428
804 4186
2799 4869
235 1548
1205 8064
2822 3701
272 8996
1343 8485
19 6684
4812 7524
8898 9593
3828 7168
2110 2815
5324 9882
4064 4542
312 6654
1201 2262
6238 7558
8121 8732
2529 3598
382 1461
5486 6812
2310 9755
2111 7580
32 9290
1231 4029
2159 5344
2600 4632
6248 6651
7077 7957
6158 7625
348 6049
7175 7636
1012 8490
3162 4439
5391 6016
1301 5643
1030 5737
1160 2279
147 947
2944 5142
527 6517
6312 9338
5843 7135
1718 8339
7371 9030
2647 7195
2318 4524
1519 6346
5010 7064
1601 2234
1840 2534
527 9251
1042 8490
2077 5736
468 3618
5416 6783
2693 8669
719 1373
6571 8315
184 7232
1365 4238
682 7648
3718 7564
3471 4003
1146 8929
819 1629
1426 8538
2905 7920
1202 3166
6371 7192
2588 9247
2794 8594
770 2360
1592 2653
3998 4579
2515 5623
3944 5393
1087 9264
1054 4787
4961 6836
2789 5634
537 6793
2549 3104
4102 8036
8399 9503
115 6934
1248 8075
3179 7372
2698 6943
53 5852
3958 9890
1277 6714
4873 5676
8171 9552
3666 4876
7366 8184
44 7666
1407 2887
1756 8831
3975 7585
8011 8711
5732 9966
3692 5520
3019 3050
3234 3631
1948 6214
1003 8946
6448 8271
1346 7972
3019 6960
4225 8080
1233 5515
5498 7841
4036 9442
2485 3914
7739 7843
2271 7354
1354 6355
3236 3495
6605 6674
2290 6128
4480 8513
4301 8751
3093 7898
5972 7916
4554 9963
4524 9230
4012 7946
5017 6539
6076 7082
2853 6028
4372 7013
4621 4717
3172 8529
7322 8279
2478 8193
2026 3532
1869 6846
4222 8284
5109 6271
328 2078
2971 8886
1048 4550
3329 7315
1576 6376
2097 6036
1126 6380
538 6624
160 1081
2150 8212
1116 4723
1680 4110
2878 9798
2314 4417
3093 3948
2971 5982
5371 5817
4705 4876
1193 6231
570 4043
2621 4231
3132 8858
2763 3097
1341 3283
484 4522
2038 2129
5757 8267
1520 7597
3271 5600
3578 7512
2097 7243
504 599
2253 9598
6341 6578
4072 9207
4763 8754
164 4182
212 9496
3166 8385
5104 6126
3372 4781
336 5308
1181 7920
4307 8960
2952 8778
6883 6979
2616 3414
2573 7662
5310 7285
2202 8659
1114 6136
2658 8033
2389 2839
5465 7926
4851 5194
159 8232
4280 7502
654 5436
5240 9575
714 1547
3354 5449
1092 3273
7450 8171
2670 4340
4304 9021
1709 1754
7736 9289
7519 8387
2560 5809
5581 9220
6721 7017
4238 7664
4125 4264
4420 8054
490 5153
673 1021
3292 8480
8251 8934
1796 8400
5037 6007
1897 5720
611 4060
6128 6864
5277 7394
5979 8604
1794 3533
1986 2832
5958 8233
5150 5601
3433 7126
2670 3798
1848 9326
2662 9237
9176 9566
4435 7425
951 1156
8942 9277
1775 2909
3756 9665
2462 5132
3405 6467
2680 8966
992 9938
7102 9917
6079 9487
35 1324
2962 5077
5795 5952
7875 9407
3452 5355
477 2169
4103 4557
5730 6971
1272 7338
1291 4047
7302 8522
5673 9751
2495 8151
3271 7002
4459 8764
433 4853
214 9303
1242 2450
146 5448
2810 4292
7001 7407
5631 8204
3160 4868
348 1863
1254 5501
1776 4035
7334 9151
1353 1681
4999 9681
906 8665
5481 5830
5361 6093
6875 8496
6323 6983
1598 5406
2756 5264
960 6754
102 2912
5832 9972
549 1427
5800 6275
3639 9094
7053 8068
4381 5545
1888 6359
287 3065
2390 8195
3304 4403
3499 5286
2549 9511
6561 9859
5585 6168
378 2695
719 2148
1887 2461
1766 6807
2311 7058
2181 7437
4935 9058
3544 5287
4314 9198
464 7147
707 7033
342 9865
7069 9684
3844 8404
606 2365
1380 4459
6589 7494
5555 7078
5633 9232
2927 5803
2690 6910
1507 5995
3775 7551
298 7387
2864 3168
2293 5895
977 9299
7213 7894
5697 9923
1696 6298
4744 7294
6070 7826
7651 8197
7420 9382
1584 3202
7916 9351
2872 8571
2699 2786
883 2652
1163 8384
4824 8144
1084 8217
4122 5583
2875 8667
2237 4235
3289 5919
1516 7266
654 5369
3668 7141
3827 7014
672 7060
3472 4987
1915 4254
2302 3298
36 3004
2752 7802
384 2346
2228 7854
386 9250
1639 1777
1927 2973
279 8761
1867 2242
3806 9500
815 9355
6010 6937
5080 5814
1960 7683
3931 8807
843 9106
956 7144
5645 5806
6806 7977
7583 8251
2508 2786
5719 9260
676 1113
6514 8301
120 856
4185 7018
3433 5814
6033 6115
4000 5464
631 9887
3092 6835
284 8898
5559 7050
2399 5560
5758 7394
9143 9917
3034 4156
1046 7981
1750 5528
805 2045
1725 8822
3287 5828
1327 8984
1947 6016
9371 9471
736 6724
5866 6373
5395 6518
6 7692
4394 7978
838 3740
4285 9225
8101 8461
4477 4848
342 1619
1141 2690
217 9454
4481 8924
4295 6035
3757 6618
1116 3187
3764 4845
4806 8553
1975 8120
1778 2866
4006 4323
67 2635
4364 9817
8891 9113
4183 4746
2789 4916
1436 9179
9574 9961
4303 5927
8194 9491
903 8684
3148 8539
1562 9124
3440 5561
716 7566
516 3945
3238 7583
1255 2723
1318 3767
1392 3958
5683 6973
1880 8654
2413 4703
6430 9988
2278 9122
6806 9076
6295 9090
1284 5689
1736 4691
3578 6583
9257 9371
9108 9364
4126 6706
6175 9850
268 9717
6455 9205
4700 9719
2841 5747
2667 8952
2419 6927
428 7489
567 8760
1315 7776
1674 5844
159 4555
3306 5494
3902 4120
2064 5101
1409 5960
2531 7665
21 1415
4145 8748
3055 4327
7638 9042
7398 9195
4264 4410
2477 5362
2697 3746
3075 4911
567 1454
2100 2935
2706 6841
1378 7905
3441 5100
2219 6412
2847 5899
200 4003
3450 8587
6311 8585
2528 9845
1576 8166
2006 3773
5092 5445
1011 5504
1658 3028
466 3410
292 7114
3054 4300
7251 7570
3542 8465
7319 8660
241 9522
5996 8958
3567 6903
10 9379
7104 9364
3946 9272
1228 4879
1740 8436
675 4296
8020 8322
8014 8712
5924 8462
1797 3228
5849 6010
4088 9289
3568 5579
1062 8978
2622 3795
614 4437
7254 9982
1851 7424
5487 5688
1384 1787
6624 8731
3194 9068
6225 6301
2180 4381
1927 3126
966 4808
806 5984
1914 5951
6012 9738
3905 8792
5187 5436
2698 6910
3871 7325
3605 9941
1850 7805
331 904
3788 6449
1036 9294
251 8819
414 1172
2903 3704
482 4863
3046 9300
2792 4605
6818 8222
79 9311
5345 8255
8017 9890
4704 7756
928 5097
557 7715
141 1923
9100 9716
2160 4167
3190 9335
4251 9171
697 966
2165 3492
4725 8313
1004 3666
515 6145
3856 4860
892 1405
7512 9432
3224 8298
2447 5549
328 3745
7171 7716
4464 6826
1014 9460
3910 8556
4246 6375
1034 1290
3749 8103
7099 8457
9664 9702
2061 4725
6801 8115
285 7681
6797 7348
597 6664
6736 8992
1105 4130
1052 9760
7582 7614
7945 8036
1604 3027
5173 9918
3249 6060
4152 6008
6216 9608
6037 8715
1434 2127
2571 8300
6783 7552
3985 4044
5714 6831
4114 6010
1899 7414
8833 9482
4458 6810
237 4454
2064 2762
5294 5501
652 3264
1574 6387
8364 9572
1140 3843
3682 9341
234 7404
64 4181
3954 5473
1913 2723
1691 9297
1537 3064
3898 6483
2238 4216
7473 9883
488 7567
325 3516
3084 9168
6424 7056
5704 9902
6501 8195
1600 8895
987 2396
1605 3486
2544 8214
3713 6908
5965 7185
2015 3154
2342 4237
6035 6675
347 3055
1257 3053
2531 5496
3956 7642
2217 2435
5006 9012
3428 9516
4172 4837
8094 9375
4261 6582
2753 7449
4015 7072
713 8305
7515 8268
4873 6557
2183 3338
344 2385
1617 6766
4449 5683
3194 5642
2070 9190
1503 8831
2230 4521
4655 9485
5173 9714
2549 6049
142 8843
104 722
3292 3822
1804 2574
1158 1474
2241 2916
131 3539
2722 9595
671 7835
2946 6472
2463 2685
4872 8494
5498 6935
2262 6902
4066 4597
1481 7703
2495 3102
2875 7014
3799 5900
4459 8818
3092 4478
1896 5261
2724 7527
4972 9691
3959 8876
313 3958
5459 7087
668 6827
4300 8820
1265 6206
5560 9467
3984 5137
6890 8343
8546 9815
3993 7443
2997 7315
2174 7832
1674 3758
2214 7069
6763 7531
3829 3892
1525 6167
945 9295
1335 8477
7556 9836
3925 9478
4804 9429
2357 4307
582 3529
8647 9606
2361 3654
1218 5466
703 5839
1895 2902
267 1671
1816 6821
921 3150
3597 7787
5804 7862
3586 7177
2763 9845
7264 7943
4734 6042
6477 6616
4956 5232
3022 8157
4179 9232
1789 7193
7002 9389
229 8358
7022 7945
2279 2608
2878 8096
315 2245
1210 6631
2142 5597
4975 8191
5085 7987
109 7503
5364 8158
3610 8882
3676 4465
1608 7908
3909 8754
1661 2571
5868 8413
6660 6765
419 7417
242 9975
5444 8540
2921 6779
1229 1862
1848 7962
479 7221
5899 8257
6523 7305
5604 8161
719 4042
1345 7652
427 6053
3958 9158
2175 9605
370 9644
7206 9095
2177 2216
764 5437
2460 8479
9254 9522
4993 5560
4343 9188
3312 4433
2120 2878
7467 7573
1552 9851
656 9262
85 4152
2611 3911
1467 4664
1615 3894
2753 3650
6069 6515
4531 6596
5783 7269
8456 9160
3856 4482
6466 6907
4775 9067
2314 6090
877 1154
2933 8878
248 5621
1252 7375
64 8735
1006 5210
5142 9645
1159 3602
8843 9638
2660 8352
996 4892
426 586
5245 7089
774 4107
4115 9521
3720 7196
4272 4557
350 9871
6425 8076
7618 8925
7349 9155
1706 3670
5275 6303
1954 8883
5245 5431
1439 9871
3944 8175
5834 6331
4163 4301
3339 7049
3950 9978
7743 8411
6759 6821
1331 4254
320 2069
3006 9772
2411 9121
5695 9830
4769 9904
1199 6597
3475 7106
5490 8374
3391 3891
7853 8602
1402 9438
2801 8861
6599 7484
4698 9081
109 7263
2550 8444
3799 6608
1350 3960
2182 9313
881 7495
4604 5626
2120 7981
8486 8640
623 1823
730 5350
1455 8621
5459 6116
4030 4131
810 1511
7101 9547
1632 8617
963 7860
7551 8812
2530 4589
2048 9723
103 4810
3756 7363
256 8715
1264 8344
2830 7754
4944 5178
1329 4552
3263 6921
2835 6226
667 2227
1610 8533
7175 9597
1285 2079
1271 8760
2995 3335
7083 9448
3207 4688
478 2378
6452 9565
2521 7422
4572 7484
1005 2250
2143 4815
4116 7756
1515 2596
3213 9154
5253 7517
1788 2034
2713 4194
2467 6399
101 1890
6332 8053
2960 9910
7800 9801
31 6058
4273 6071
2518 2596
246 5501
313 3189
1005 1415
1529 4262
1619 6680
5799 7295
7712 9191
3638 7504
6696 7877
3786 7029
138 2741
401 7394
634 7430
5107 9446
2075 2940
5870 7160
250 503
1243 2589
2085 2285
3683 8738
1145 1475
7931 9784
2358 7825
2984 3843
2552 3429
1775 5090
4057 6980
4908 9963
1426 7838
1081 3129
1585 7769
3268 5532
7045 9665
461 8837
831 5472
2689 5325
3879 6130
5308 7779
1141 1984
2807 4647
3111 4304
4373 5275
2171 9549
3481 5605
3828 7920
2963 9617
146 6183
5564 7425
3666 7010
7121 9179
6232 9614
3570 4825
2677 8969
3292 3975
3309 7750
2029 6613
2176 8304
1193 8252
6985 9793
990 9804
3923 8839
2107 3066
4346 9206
2792 9693
696 3421
2573 9765
5042 9158
2517 8367
7093 9244
4969 5033
483 4664
2004 4805
999 5528
3766 9263
488 9567
4912 8928
4359 6908
5260 9720
1524 4310
5535 6659
2656 7672
124 1132
3269 9674
107 2270
2570 7716
653 9883
5141 9818
3772 5315
3075 8665
3113 4378
2424 7512
216 1538
4834 6484
4649 7637
1951 8748
2956 8902
1289 9669
5504 7061
627 9894
3898 7761
717 9162
4700 7446
4350 6791
5619 7519
3504 5589
7583 8921
3706 8245
3599 9175
187 3833
767 2396
769 5772
3840 8868
2661 4985
4467 9310
459 1540
4546 7324
7487 9122
3146 8538
356 4026
1173 7412
2627 8134
2851 4156
2397 4902
1429 1560
82 7079
7434 8483
3478 5907
2605 4601
4855 7476
406 542
4480 5837
4126 9655
5981 8062
1700 2077
8192 8296
9566 9952
6728 7285
1103 8790
1628 6976
3963 5313
591 6587
3011 6776
2251 8088
3823 7691
5232 7786
2437 7322
275 8390
4713 6348
2789 3024
4779 6219
336 2196
5829 8801
5845 7926
6919 7643
1907 3806
1622 5609
553 8691
4780 8017
4608 9165
3331 4061
704 4526
2392 9240
4908 6741
6919 7518
3228 6254
78 4573
3 3067
1309 3038
297 8490
411 4588
5152 6175
3917 4716
5597 9765
2281 8074
791 2592
2434 3847
3303 6933
1733 3261
1161 9054
4249 7800
1015 7901
3172 4633
2190 7627
35 1794
6682 9730
1239 2414
94 1665
2182 7763
2787 8532
7953 8297
2770 7518
2775 4248
6770 8129
4611 4832
2237 3126
6883 8688
2281 5098
342 3427
390 6495
3137 6174
7867 9861
2133 6765
3696 6859
103 6771
3421 5278
3684 6209
5528 7937
4999 6081
1969 4483
3549 9080
4196 4549
823 9015
4512 9532
3442 8012
2156 2603
1051 5117
2968 6655
5240 8043
3289 9431
3548 8322
4514 5741
4002 7853
9690 9738
249 7104
4120 5442
3113 6424
5146 7442
763 3456
1048 3975
1002 4594
104 3655
1784 4171
3226 9029
890 7832
5026 7790
6522 8884
1438 4256
8080 9439
1264 9443
1289 8018
6638 8627
523 2173
646 3646
9430 9599
7934 9258
194 5489
4664 5995
9543 9712
3302 6067
1643 7305
981 7647
6004 6416
5830 6405
3044 4335
1406 1864
3086 4014
5 2110
2199 3002
2677 7224
567 2739
1178 1671
5530 5730
5314 6530
893 9628
3279 4051
1108 2043
3874 8519
4681 9296
3176 7599
3443 9028
4276 5803
2603 9318
1662 3488
6749 8170
1258 3576
765 7238
6147 9160
4124 6803
6506 9422
456 6403
1496 5606
1672 6131
9134 9830
7251 7337
6495 9689
6172 6247
1586 9416
1302 7171
182 5303
2647 4673
3089 7892
1246 5108
6425 7384
5430 5611
116 3514
441 4155
7448 7850
4720 6512
280 8084
6615 7967
5769 7848
1410 4648
8096 9803
6847 8819
6698 9087
3927 7297
8553 9409
6789 8487
4803 9941
955 8159
2805 5866
1651 4439
1087 8032
1631 3782
5155 6341
2451 9597
2866 6973
2424 8833
3344 7206
2777 7457
4411 6340
2412 8471
3238 4953
6371 7667
729 4452
3466 4220
1356 4741
1055 6765
1886 6012
3097 7513
1 9378
3469 8265
853 4092
5145 9616
4488 7663
4002 7550
3070 3762
1941 2058
8404 9831
1839 8376
4716 5914
2605 8082
464 5610
1925 2475
1985 3903
6183 7186
1410 3272
1310 5647
1903 4813
3696 8729
1548 3053
6645 6772
274 6603
3601 8694
1392 7069
6257 7665
6850 9168
444 4896
869 4615
5729 6217
7865 9170
2048 9325
2201 8083
3953 7196
996 7591
6036 6928
5544 9842
2272 9962
6087 8651
337 4441
2000 3074
2476 6606
8334 8588
3536 4168
4390 9430
375 5514
1082 9600
4840 5195
3731 4732
736 4918
5799 7364
5679 6613
3001 7014
1233 2560
339 5854
5098 6514
740 2090
2946 4312
3726 4722
499 5777
2473 9486
1398 2106
3757 6370
5849 9539
1377 4446
5031 5893
3650 8198
875 2700
5230 9787
2980 7090
5772 6879
407 3836
5526 6617
4633 5651
61 3361
1644 8682
4253 9626
133 4169
3349 7894
1066 6197
1696 5101
462 3766
4145 8014
633 6613
7636 9553
2407 7617
29 5650
2865 3586
6662 9175
530 7344
2979 9338
6245 7913
3124 9829
1039 3242
495 8562
180 2320
1862 6379
2259 5484
7479 9220
8483 8576
3624 4169
3417 7873
294 2538
1966 2795
2139 2512
5180 5973
850 9187
1846 7189
2598 4816
2264 2794
5406 5872
5330 8744
945 8561
2300 2839
258 2845
689 5541
2092 9142
3203 5434
700 1105
3697 8361
2162 5196
5844 9609
2265 3268
4518 4818
3682 5875
3006 4009
769 4105
5060 7219
4235 7558
6384 6682
501 6561
4440 9464
1378 1851
594 6779
2621 8282
614 5713
7830 9403
573 7560
682 4214
2156 4789
6012 8704
150 5957
3815 6882
223 6137
4193 4397
3967 7213
212 9986
2022 9070
2118 8338
6043 7659
639 9043
7532 8400
811 5695
6465 9409
5426 7672
7765 9633
452 6199
1455 1921
2163 7740
1488 3890
6875 7150
451 2438
417 1973
838 2208
5619 6839
3283 7704
5463 6611
2358 7316
3114 4149
3226 4015
1337 7296
2681 7260
3287 7741
76 3972
4824 6577
238 4721
142 9512
390 9686
3150 5393
192 1097
712 9815
924 2551
945 7071
854 1475
309 9265
1246 5254
20 3553
3807 8218
4475 8902
254 3360
8909 9327
1328 6669
6046 7271
1297 1681
6008 7745
1335 7684
3933 5446
239 3759
7287 7996
5622 8083
1675 8496
1418 6658
2636 7813
7502 8202
951 4448
4601 7213
6409 6958
2287 3068
5835 6630
6804 9190
4942 8271
2153 7004
4254 7477
1070 9294
5030 9439
8099 8512
163 2036
1347 5456
1878 7396
1138 6386
8048 8786
6526 6545
938 5467
6063 6961
5667 8449
315 389
3127 6918
1948 5796
7178 9949
908 6701
6626 7500
2129 4854
1356 5949
5281 5751
1241 8368
2044 4655
1307 4355
2138 5718
4763 7373
5501 7563
369 8477
2461 7704
332 3163
3360 5897
7844 8065
6471 7093
2300 4211
2335 4485
3319 5325
3684 6145
2745 3096
496 9463
1166 2079
120 9909
1746 8244
8596 9959
4531 4934
3571 6392
5567 8510
2608 8787
4040 9697
2902 6418
8409 9927
4615 8761
392 8074
4827 7625
1431 4112
1473 7733
2157 3352
1229 5648
776 8885
807 6561
1066 6067
3481 7320
2008 8563
2930 2966
6925 8406
1122 2790
2008 6765
4145 9092
2298 6601
1430 8919
6111 8012
2987 9614
6496 6745
7187 9959
4433 5877
3125 9673
1997 7585
3041 5949
1887 4791
1389 3118
5175 7323
3555 4929
3590 8167
5860 9145
3224 3534
2425 3768
2384 2970
456 6610
2630 8561
3600 5492
912 4106
3948 4495
5959 6472
3347 4411
973 6541
4990 9127
5798 6995
580 9761
3217 7773
5902 6466
402 8792
2459 8708
1903 9821
1595 7959
8159 8867
6057 6978
163 4919
267 6702
1399 1574
1074 1562
3292 3779
1473 9778
497 2192
2782 8415
2444 8842
236 5364
4348 7139
3608 8751
5237 9121
5291 7410
3735 7615
570 1890
3437 5143
4317 9464
4393 7613
3917 6342
3583 7370
3300 6530
3212 7370
2054 9906
819 4177
1233 4588
1104 1559
1421 4723
155 4352
5308 6276
1192 6679
3008 7772
3114 6355
612 8944
4602 9862
2665 9046
567 1153
3662 4915
964 1912
6932 8293
9378 9455
2328 3921
1461 2418
684 5092
4445 7664
2337 6592
534 3981
6967 9459
6455 8899
4020 6937
6405 9134
426 2429
2065 3886
5679 7680
4 2302
681 3776
4319 5181
4035 4353
7574 8489
4079 6978
278 7304
3211 8661
2440 5869
8965 9810
2831 4060
1567 2415
1500 2319
3969 4020
2994 6863
1606 3289
4197 6326
1485 7613
1245 5191
2349 2421
6492 6906
838 9813
749 9782
4471 8990
2362 2893
8305 9962
4395 5410
3430 8762
3415 5206
5831 8316
4355 7721
8311 9874
5743 9186
1618 4684
5746 8408
707 2142
9161 9703
1577 8240
1986 4657
5794 6109
3377 5566
3375 9572
7759 9163
5843 7434
3110 5680
3910 8800
3347 3912
4761 6851
6820 7553
2468 4322
1189 7336
944 5953
3243 8700
4948 9487
4282 8661
76 9174
2366 7864
7338 8127
2284 8287
185 3706
4423 9403
1854 5542
1117 7056
3339 6495
3825 6011
6794 8890
4169 6953
3606 5682
3326 9901
1843 2235
1182 8936
886 2895
1924 7048
4637 9679
2662 8701
3408 5826
2840 8345
5853 7650
2274 7765
108 7920
3156 8819
2516 4484
2376 2490
4940 6040
171 5061
5664 9770
8258 9197
1803 7483
2695 8017
2466 6619
1385 2356
3839 7231
9790 9891
7137 9403
623 9513
2395 6015
1132 1790
2214 8670
7369 9988
1496 9562
1937 9855
574 5351
4344 7817
269 9222
1345 2027
1928 8706
3490 8667
599 4745
1851 3740
273 1595
7179 7267
3439 3944
3164 5321
4747 8086
3566 7376
6598 9645
1007 4028
3945 4204
575 4420
1121 9852
4406 9925
2780 7051
7589 8937
6738 9955
3124 8341
2385 5103
1339 9053
2105 4236
950 9473
7960 9742
4675 7740
2725 7868
6548 6723
4071 6097
2469 7057
6087 6707
897 7169
2817 6722
16 2444
6502 8522
4685 7823
3797 4031
6417 9774
2387 4689
1041 3276
5036 5572
761 7009
4882 7111
2569 6303
4573 9667
6585 8259
5001 9131
613 4496
5719 9212
2505 6310
4962 6659
498 4811
6583 8564
3817 9542
330 9200
6082 7595
5402 5812
3939 7278
3357 6452
2126 4851
1448 5663
1491 8068
2183 4872
6206 6403
3211 9259
6707 7046
533 8769
2766 6268
5223 6588
1763 9394
3357 3398
6924 8112
84 9469
1473 4718
5268 8195
2073 6168
1343 5855
1745 7347
1975 2715
4282 7297
724 8905
5934 7971
1538 9739
611 7711
124 968
3040 3943
3661 8639
2718 8261
3666 6616
219 1329
889 4097
5129 6223
2488 8671
3259 6334
224 7459
3341 9182
6879 8811
9064 9574
2931 3843
7601 7978
5567 6799
1502 7961
7321 9657
611 5545
333 3247
6985 9714
7332 7375
8285 9500
1279 3452
4999 6963
6439 6592
108 3131
2140 5160
845 871
6932 9004
8979 9093
3589 8148
9210 9650
283 2214
2736 5069
1882 6688
4324 7570
4791 9115
1449 4141
2583 9578
4110 6313
107 1750
6771 7928
1159 7494
3062 7487
38 2834
2086 2606
6281 9580
4185 5790
450 6840
741 4851
2600 5016
3401 7362
3000 7203
407 540
1425 3450
3964 8496
2074 4807
1665 3356
1037 6415
59 9395
6280 8156
568 9895
744 5829
2857 3769
122 1024
5054 5936
3152 4793
692 8898
990 5961
5954 7408
2175 3979
2323 5174
5063 9781
5273 7458
3662 3961
1361 3461
1317 4500
3958 4591
186 7737
146 3817
5487 9463
1919 2471
6583 7837
5888 8790
2006 9030
3822 8774
1369 4550
5375 6929
3936 9275
4550 7473
2877 9586
5422 7802
4258 7905
5199 9648
1820 6147
6773 8465
4750 7395
469 9367
4060 5697
4863 4918
625 9855
2512 6014
834 3220
955 8673
3941 7137
7299 7965
598 4178
5985 8276
1664 2541
1942 5300
2856 9905
3036 8279
805 8587
757 2021
203 3721
42 2648
3549 9889
3943 5598
5536 8005
2717 4774
2649 8552
1466 2405
2424 2485
1862 5201
3292 3474
194 7413
4453 5520
823 5513
2496 7216
6641 7104
454 675
1450 6902
3016 5143
133 3856
3281 6879
1197 2885
2269 8548
2283 9761
6782 7517
5504 8716
1506 7885
2478 7000
1279 3317
1125 7925
4379 6547
6334 7760
6715 6945
9191 9773
3964 8981
2501 8442
6444 7628
2560 6751
4191 9449
5249 6787
6300 7191
9212 9978
4463 7849
2012 5474
7205 7414
5342 6787
2815 7722
1171 9004
1446 8134
3189 5489
1946 2155
3616 9898
6804 7900
3686 8100
3796 9849
2307 5053
3075 8633
5126 5857
2726 3634
7089 9397
3632 9894
907 9476
104 9477
8734 9556
1502 6472
1443 9137
2463 2677
1389 8915
6624 9133
1279 2015
1312 5348
7147 8040
3240 4021
6044 8877
2107 7607
7258 9547
3731 6646
3248 7694
2715 7867
1642 7553
4901 6809
1494 4654
870 9060
3282 5509
1310 4206
1368 8726
6530 8973
26 9753
855 2065
2716 5321
496 6556
620 7852
127 8977
3907 8491
3685 7327
2758 3482
4580 7728
3040 9855
3679 6459
949 4914
3092 6654
290 1201
2129 8181
1563 4146
640 8700
5544 5624
618 2442
5090 7608
6960 9572
324 9305
7045 9074
1997 3288
4026 6339
4809 7379
4968 9296
5835 6882
418 8214
754 1344
6079 7356
4236 8809
5462 8881
5733 6775
672 6547
3959 6119
4181 7951
1627 9744
5438 8673
1198 1569
4977 8544
5158 7204
840 9896
4890 5540
3164 8633
3671 7278
5479 6621
2763 5240
180 3689
2482 6287
1416 3225
2259 4639
4453 8682
6595 9976
6654 6706
2173 7448
2645 7508
68 7405
3137 7030
1017 1759
203 2613
4650 8817
4808 9066
3171 8281
4970 6724
217 2330
8923 9733
4082 5593
58 6861
1817 8982
7718 8696
1646 4132
1174 6455
439 2204
2974 4406
5932 6389
3818 6104
1389 5994
7542 7805
5304 7122
4873 6734
2469 4125
765 8481
339 1163
6762 8448
7608 8383
2644 9485
1609 7558
4826 6064
5485 9670
3006 9605
5412 7066
3382 9038
4042 8851
5120 8868
3024 7996
4363 9477
6182 8034
150 456
1581 9295
2864 7406
373 1503
9087 9553
2679 6295
6709 8810
2730 4273
4713 9898
6902 9727
6157 9560
3042 9985
4483 9758
1564 1735
2060 4477
3704 9570
1776 9150
7624 9887
6498 7162
2924 7483
2871 3524
3203 4035
7232 9513
3966 6264
3827 9099
7152 7849
2745 5259
889 2721
4993 9586
2936 7131
1404 4976
2206 3616
3977 8989
822 7865
1508 5098
4489 9415
7745 8399
2729 5493
2262 7695
4164 9622
9590 9727
7346 8704
1013 6243
7613 9032
61 7433
5357 5517
238 2692
527 9474
2572 9073
572 5125
1051 3676
2554 4019
4667 6748
5185 5245
3089 9950
4503 5517
4325 7504
5209 6593
279 2189
878 3243
4834 8832
708 9318
4425 6586
2961 4564
5352 8162
2797 3100
71 6648
873 4378
1550 5034
1799 9647
60 238
3994 8172
3789 6684
1430 2026
1727 3529
1244 5807
1257 6356
3845 8090
5650 7968
2224 3939
2167 4490
1664 6419
1956 3978
3090 3681
1028 1790
155 229
5461 9783
1207 6326
2342 8594
7903 9137
5253 9467
1310 8368
1410 5491
96 3728
2599 5555
5908 7995
1013 5149
1451 5584
1811 2678
9182 9461
12 4872
3283 8123
3546 4700
4543 8424
1109 9418
5804 9708
6308 8914
798 7928
3300 9627
2989 8743
3094 5156
2258 3235
2443 6729
475 4145
3011 7174
6950 8486
974 5505
4339 8000
1196 7645
2956 4916
94 5966
2264 9826
575 1549
6953 8145
112 9835
462 879
6900 9247
4659 7189
1888 4596
5695 8782
2881 6988
519 4968
798 6072
2677 7308
213 9560
7010 8092
543 3770
1107 4282
3006 8661
587 2439
5509 6728
1080 1143
1302 6664
2103 6516
735 5774
5944 6066
1500 1500
2437 5060
224 4944
2914 9879
5181 5788
2547 2678
5620 9797
3579 8180
229 707
2822 5215
7367 7475
1758 8463
721 1830
2736 7231
2247 5940
5446 6976
3632 5448
4 7353
8583 9318
381 8711
8887 9894
3062 7798
5236 6675
3520 9926
4293 6476
2081 7364
5658 8541
4826 9516
4495 5475
2207 8777
6491 8018
272 5826
9100 9169
2587 7284
5249 8995
2065 5735
1946 5345
1722 5383
4069 7767
2466 8235
4615 5499
100 8609
4372 9165
6272 9085
3744 8224
3618 3795
6149 8125
4793 8152
3280 9314
4909 6264
1713 5075
2799 6964
59 8393
1221 2134
8492 8869
1491 6220
7338 9292
3476 8212
4300 4844
4984 6825
1817 5200
8052 9668
1694 9222
3585 7799
1150 3459
1673 5430
379 3148
1469 6623
5342 8113
693 9971
6474 7685
4368 8300
382 4613
2029 3624
34 8165
46 6706
3740 4611
9339 9468
4509 6757
1634 8027
1509 5570
193 1523
5134 5870
3737 9603
4209 9800
1824 3744
5159 8691
1805 4859
697 9063
2430 9712
5391 8421
3671 4329
6005 7949
2024 7083
3559 7806
589 4245
1122 4434
1290 4851
6689 8966
2183 5193
828 2100
3354 9245
1630 6708
644 8267
7487 8162
1710 8380
1743 8656
3303 7796
1521 2995
8119 9288
5249 5738
1817 9152
6605 8726
737 2996
1266 8848
7256 9957
1204 1881
157 3401
7548 9602
2403 4646
1817 4113
614 6071
3976 5039
8899 9789
3971 7719
935 4346
949 6775
3017 7162
3921 4569
4745 9321
2607 3937
2312 8166
3068 6388
2755 4565
361 6250
5588 9571
3562 5399
4607 6167
3264 6396
4985 8248
1087 1461
504 3289
6348 6536
3116 7382
1577 7381
8993 9644
7168 8953
3453 6110
1645 9031
4160 4224
3124 4538
7209 9395
5702 7504
6646 8157
400 2873
8871 9105
422 6822
5865 7590
2298 3847
9359 9476
920 7903
4314 6053
1085 3449
5757 6061
2568 5328
4858 7245
6362 8414
1371 6428
4044 7204
2968 6505
1340 3414
684 2264
5443 7888
1117 1965
7190 9057
890 2211
209 7174
695 8173
3679 6023
8222 8971
4770 8984
6328 8578
6838 8927
5516 9430
7382 7443
7111 7695
692 1349
4715 9505
2923 4405
5574 6411
5868 7074
1163 8368
999 9524
4912 9367
1819 3796
2177 5774
1283 6226
2954 8821
856 2210
2805 5027
2279 5794
6254 8121
2493 3352
1331 1431
1608 4156
3671 8895
7890 8631
2274 4798
8762 8794
1557 5239
260 3656
709 743
6545 6967
634 8786
3216 3679
8399 9974
309 8240
583 7653
1624 3392
5407 7625
3186 6402
2105 3961
2183 8747
4922 7601
840 6108
2923 6954
2757 4389
8797 9577
7701 8319
4838 6259
741 1180
531 986
3422 8681
1547 7391
6104 8734
5038 5405
3711 6664
7405 8745
283 5437
2173 3526
1561 9926
6872 9583
4933 9699
4853 9861
244 8039
3248 5349
696 9128
3772 9941
455 4668
1202 3540
2960 5148
8566 8654
446 7429
89 6417
5172 8786
8227 9058
4598 9238
5933 6364
2604 6954
2626 6472
6692 8636
3485 3863
1061 2967
4123 4916
597 1430
1874 9804
1289 6909
1845 9165
1550 3850
6220 7682
2313 6306
564 8836
7952 7976
503 4146
1517 7789
8907 9955
3762 6920
5523 5552
3476 4755
1450 5219
6425 8104
6616 6986
2050 9833
2667 5235
953 5220
4058 9776
2026 8352
1789 9231
2298 5506
1954 9351
530 7792
495 7204
7270 9597
8926 9454
5262 8991
4614 5924
1198 6759
8030 9442
5435 7968
3234 9746
3809 5247
741 1258
3967 5260
925 4806
1174 2152
4832 5972
2794 8693
1302 3734
4907 8460
260 9645
980 8644
4572 7548
4536 6526
1627 8144
5954 7119
5544 5552
6314 6344
1357 4618
1298 8592
4555 4974
8701 9607
923 4485
6871 9009
5063 6735
4697 9978
693 7124
3396 6968
9796 9834
2426 6977
18 8877
9213 9439
2884 8215
3622 6076
2210 6581
4394 5405
6034 9491
2094 6121
4869 7713
79 9631
5044 8285
4415 9555
4942 8837
3895 5474
2761 8553
4970 6610
380 5712
1540 5366
2568 3324
300 2036
1607 4150
3712 9752
6759 7670
714 4293
2433 4750
2322 4290
8277 8729
2022 4757
3161 8952
1158 7586
623 6974
6606 7681
2017 9673
1443 9617
4896 6694
1448 3963
1082 1981
1613 4225
110 6731
6565 9534
485 5303
3969 8164
7777 9084
5420 9156
3733 4657
3663 5746
494 1144
3837 7757
4918 5156
5295 8053
619 2773
4373 4907
3919 4496
2519 9616
2349 9251
1692 7800
5334 5959
2809 7523
6806 8605
1189 9187
4330 8010
3313 8847
509 7265
3893 7144
6266 6736
5910 6337
4640 6527
6220 9810
2114 3307
582 8254
5277 8086
1695 5235
2968 4305
3957 5923
191 6091
1758 5018
4591 5724
2912 2927
1266 1828
159 6266
6963 8591
6416 9438
2084 2824
6278 7869
7530 8427
3271 8120
368 9236
3895 8792
2743 5274
1641 3750
77 1864
1246 6619
1814 5760
735 6501
6722 8920
5629 9159
2508 3119
7338 8651
4213 8387
448 6118
322 809
1282 8504
9228 9870
1600 6174
3719 5677
2237 3437
3639 9656
3061 5165
3560 6818
542 3817
82 3558
7468 9350
1392 4862
7784 8031
87 9583
3306 9385
7643 9472
1529 7330
5399 9465
1028 9295
1493 9517
7451 8213
3355 8392
4703 8094
3569 9537
6530 6808
9568 9849
4188 4553
1508 1915
625 5379
1921 9048
499 7870
5199 8521
1977 3729
9107 9436
402 8607
738 4027
3430 5867
3319 7768
2416 5015
7556 9500
276 5581
6346 7028
2332 4727
2371 3687
5265 8027
5720 6030
3041 4063
4251 8697
3573 6860
2098 9205
8114 8778
4371 5938
3809 8057
3469 9208
1247 6905
5628 6233
5775 7919
1489 4228
148 2065
6782 9744
1398 3703
1307 6299
2772 6763
7201 9838
556 2384
649 1895
1936 7031
40 3490
7320 9205
2753 4790
4108 9549
2051 9144
3308 6600
1325 3860
5483 7190
1503 3468
1721 7029
1067 5730
992 5967
7011 9576
3633 6362
649 7883
1778 3092
3147 5663
427 4098
75 7708
2509 2843
934 3209
917 7392
1170 4626
2133 6969
2867 7921
225 5583
7322 9719
3231 9626
8215 8423
1299 7222
1587 7737
3760 7078
8055 9549
347 1958
4843 8478
883 4263
1395 2047
420 6640
198 1394
405 6805
3364 3555
468 7160
904 9682
1278 6922
4947 9530
4034 4660
3107 4635
6813 8371
1587 5953
664 6920
6689 9916
1918 5555
3749 5930
5321 7880
7583 8374
2085 6971
6165 8860
2457 9181
5567 6446
7018 9834
5287 9079
1682 7410
2432 8203
3209 6405
6683 8120
4401 4978
6208 8902
143 632
3519 6080
1627 6427
65 406
2572 8833
1891 3140
3516 4750
418 5870
8627 9748
2816 9863
2881 8880
8345 8486
1862 5866
341 1957
658 2767
7271 7935
1869 8070
2324 3817
678 2658
6239 8127
400 2997
6119 6381
8062 8638
990 1868
8121 8377
2867 3913
549 1320
5992 6360
5218 6564
2375 6953
1113 5134
1531 2258
4563 8338
1490 2139
2978 5409
763 7769
2883 7377
1913 4001
2652 9859
3176 5417
2974 5299
4132 5361
80 6946
798 3264
4550 5774
5020 5134
576 924
9039 9842
2397 3448
3002 9450
7532 9218
63 9264
599 6550
6651 7420
5399 6663
2917 9201
543 3694
1866 8569
1159 3540
539 4938
8021 9087
3900 9766
479 2110
6011 7583
6470 7115
4599 6933
8503 9059
1012 5370
5576 9232
1335 4674
1248 2170
2988 3687
4756 7677
3336 6948
2958 9511
1862 6090
4410 7007
706 6955
4183 8881
695 2566
1575 9308
678 5426
5361 7382
3051 9034
336 4838
130 5641
2716 6873
6897 9183
4581 5780
6120 7191
1413 2040
2698 5369
3485 5829
4184 7604
385 9981
4101 9861
3558 4779
5350 6469
5613 9559
6510 7520
383 2737
3250 5856
8402 9701
4 3381
3117 9271
1566 4776
374 4548
356 7554
2509 2717
7405 9197
3780 7365
1134 3023
4477 4765
1494 4700
886 6161
7615 9178
4965 7369
3111 6456
204 5524
1358 7317
3183 3737
3573 4576
1024 6636
6533 9117
2956 3160
751 5207
4247 8059
947 9458
3199 7874
2261 4264
9060 9683
7098 8460
2803 3168
350 1185
6825 7246
2580 5585
3821 7171
3916 6469
4781 8446
1287 5548
714 3705
341 6344
3996 8259
660 5175
4865 6959
3360 6903
1282 2947
313 1557
3169 5175
2427 7336
4339 9824
4668 5971
818 8440
5371 6237
4116 5106
2777 9963
10 19
4660 4791
1892 5918
3231 9205
368 744
875 7227
2516 3793
3008 3306
3311 6945
5300 6736
429 1985
2550 4466
6973 8887
5602 7490
6646 7379
9436 9954
4133 8400
2794 9270
2251 9527
551 7467
5430 9088
912 4731
606 7997
27 9321
4817 9915
445 9270
2612 7424
1058 2335
8228 9230
2389 9389
855 9133
3429 9196
6895 9130
4859 5641
1755 2591
2798 6707
127 9969
5516 7971
3778 8536
4038 8810
3173 5050
1356 3923
3010 9901
5643 8662
4161 4175
481 7651
4852 9246
5661 9682
1816 9412
4832 5986
3461 5333
4802 6756
175 9349
4377 9268
1331 9318
6564 7753
7578 8299
7949 9039
7169 8946
1709 6439
8008 9558
5934 7774
4383 5991
2653 3327
4558 7759
2172 8364
3711 8207
3214 7395
5480 5683
3273 5076
3676 4719
7198 7863
7159 9381
6284 8237
3443 3808
6717 9786
1955 7795
2882 4197
3197 5919
3093 7812
1624 2659
5431 8501
1759 4070
6637 6663
3506 9257
2499 2575
1205 2486
562 9840
2776 6985
4309 6351
1095 5591
8417 9970
3067 8359
4924 9008
2795 4319
859 8845
5685 7840
3001 5455
1937 6231
4683 7735
5702 9583
636 1583
4691 6802
2049 8377
2206 2366
4354 6465
5969 8225
4281 4322
2688 4494
997 5333
4141 4740
7859 9327
6892 9961
906 1516
2889 7517
3616 7085
305 2149
3194 9887
235 8125
5369 5405
6974 9076
1625 5899
5427 6169
4743 9795
3695 7303
1815 2949
1980 7223
2616 4549
1492 8357
4096 5054
2575 3424
6727 7207
5861 6252
3330 4132
1297 3972
2678 4208
1114 5545
106 9509
3102 8795
7104 8016
1875 2404
2750 4280
6733 7042
9077 9168
2090 2308
1746 9085
6226 8607
7610 8497
2740 8509
717 8794
3569 6948
3726 8557
7483 8536
2681 8933
4660 6245
1473 7580
2132 5361
6363 7267
3856 5965
1543 5031
5409 9494
5131 8074
1481 5784
2914 6348
4277 7118
3539 9169
977 8797
877 3208
4154 6880
65 3548
3897 5499
4181 9383
6414 7456
7352 8413
123 6731
3977 8082
3321 6390
940 4603
5568 6915
5557 7499
379 2592
2640 6963
4070 4522
816 6853
4300 7604
6648 6918
4493 8430
1949 2535
4976 7513
6499 6683
4754 5599
3510 8178
1252 3295
1177 5937
5152 9456
9135 9286
588 5627
885 947
349 5953
6209 8503
5201 8900
664 5178
693 7066
4559 8797
2309 4104
612 4975
2067 8198
2597 5208
235 6989
2281 9331
5903 9679
5362 6964
1806 2926
513 2250
1288 5628
4564 6526
7174 8254
7451 8765
43 3483
3440 5390
2582 9253
7682 8861
224 5792
298 439
1153 5808
516 6937
558 3094
4669 5477
683 8316
7016 7242
2353 2623
3806 3983
1095 2964
2066 7532
6552 8310
1306 4954
546 6618
155 8318
1902 5432
4181 4909
8267 9976
1755 5146
2236 9811
746 2479
3931 5280
344 1817
4049 6529
7061 8346
5765 8022
2538 2990
5585 8185
3895 7145
5943 9615
383 4276
2836 3949
3997 4144
2805 5011
5602 9297
3209 9624
4338 6649
1821 5713
1658 7320
1829 9334
2283 9642
2002 4386
4340 8588
4702 5421
5286 8184
7989 9947
2810 8930
524 9598
5515 8490
5398 8069
5296 6245
1339 7800
512 1493
5195 9133
7387 9767
2589 9891
839 4943
5730 6697
1619 8615
4934 8619
1734 5509
3785 7076
122 1529
1509 3788
857 4198
910 9974
2 8828
4365 8014
844 1598
273 5498
1002 7552
520 1092
1861 2022
2967 7608
5341 9626
2435 8077
1696 7091
5981 9423
2841 3522
3964 6254
997 9218
5715 9981
498 5207
1294 2189
1677 9833
4930 8908
8098 8240
5360 8621
9320 9678
2302 6438
5755 9463
1795 5001
2238 4465
4648 9104
7577 8088
306 9293
6326 7986
5248 5514
6341 8039
1204 6563
2960 3373
5192 8721
4671 6823
6442 8151
5437 7738
2898 8307
1242 8738
1746 5857
5387 5779
2133 5256
2908 6348
1539 5840
6723 9487
2054 4637
4546 9488
5253 5765
7786 9271
1959 7813
3579 9132
1967 9450
3387 9618
598 2193
532 7297
7561 8176
1193 9449
5724 5778
1625 5841
3662 7043
1360 1392
34 4418
434 929
1105 9900
1848 2973
5181 8490
1101 8896
1038 2302
5025 8153
3288 8338
7213 8756
3398 5122
1596 3485
5053 7736
2283 8521
1529 1755
1392 5765
5121 9030
6935 8602
2237 2874
6956 8690
408 6977
1836 3100
6592 8975
5908 7749
4055 4088
8665 9439
3463 7879
5579 6162
2946 7967
5724 7276
2270 7176
7416 8710
2916 9705
2286 7148
3455 8731
2763 4400
6105 7088
8554 9075
5383 6411
4560 9172
6617 8895
1989 4001
4597 8144
716 6184
325 2659
554 9979
3465 3633
1959 3821
5464 7291
6308 9384
6138 6481
631 6943
1224 2516
1006 5642
3733 8879
7234 9801
2352 3408
872 2520
263 9753
7115 9873
327 6009
7056 7781
507 2051
1264 4993
4672 6556
2603 9592
6808 9612
3702 6709
2267 2925
6457 8507
7887 8795
4082 8073
2569 4716
5073 6360
4244 4491
8360 9542
3832 8806
3961 5121
5749 7303
6528 7934
4642 8916
2145 6261
2862 7966
1013 2659
1154 2874
4654 9732
6258 9979
5422 7523
7889 8568
2156 7961
5155 8842
1366 5447
3286 7665
8836 9770
4992 7380
3477 9687
4000 6985
548 2690
442 2567
1993 6251
2690 9769
779 5986
4882 5478
8701 9198
2804 9293
863 8354
3409 9751
2728 3224
2592 7389
3254 4420
5719 6478
39 5475
4520 7734
450 4246
3325 7288
667 6697
314 4264
245 1076
1275 8798
906 8852
1504 7563
1129 5263
634 4296
5329 9172
185 6300
4876 7646
2711 9103
231 2873
1386 8285
6668 9077
1867 8807
4762 7314
1349 3624
2529 8263
112 6414
2024 9377
6485 8690
6507 9833
6695 8556
525 2801
6178 9990
5054 7831
6759 9269
5097 5438
6856 8835
190 1563
1365 8673
4766 5171
6059 8412
3485 7794
7784 8319
3937 5618
515 7102
232 2613
2911 5562
953 5006
6600 7284
4853 6474
805 5168
2812 8429
3793 4818
2529 5991
3831 6730
1421 2207
845 8309
828 9374
4094 5355
7100 7232
892 4726
5263 8071
1509 5385
897 3674
3954 4480
1452 6969
1485 4481
7333 9984
325 1825
995 8408
93 4430
3349 4354
6933 9298
1624 8689
4000 6729
3621 4582
6579 6600
134 1747
4011 9904
7788 9063
5415 6388
441 2834
7814 9070
7490 9412
539 5661
3022 5901
3444 4576
2398 6840
3121 7277
216 2188
3910 8239
651 9973
515 6813
6542 8447
2579 9292
1735 5108
2745 5911
2646 3468
3310 6920
179 685
8210 9822
2448 4138
4093 6496
1197 4630
3988 4305
947 6650
435 996
2824 4985
2384 8179
11 355
3211 4220
434 3182
1465 6805
2890 6212
4232 6666
1098 1171
1270 7331
4713 9492
2061 4676
7914 8593
102 4246
3316 7315
424 2638
6826 7652
6454 7284
1304 9705
1695 6831
2018 8761
1895 2557
4448 5828
2287 5063
3689 7575
3499 6041
2197 3351
409 6471
251 2080
7689 9909
2678 6287
5299 6819
2376 6404
5498 8186
299 4525
3063 9166
4768 8419
2429 5571
3642 8544
1350 4431
1297 9714
4868 7506
161 1868
1167 1743
1732 5841
2497 9277
3211 9774
1658 2234
1556 5874
4823 6962
1861 2466
5621 6361
4849 5180
9218 9669
787 9785
2349 5666
479 1341
3624 4757
2887 5285
851 2780
1199 2925
1330 3329
584 8113
2305 9127
4471 6875
1860 8384
1284 4633
225 4472
4377 9914
2766 3228
6635 9838
9230 9323
5243 7231
302 9492
3 8614
5582 9245
5315 7173
4941 5598
3627 9654
3916 9594
959 2058
8268 8652
5685 7141
803 4229
3139 3851
872 9775
5017 5030
38 8629
3535 8631
7 5951
3537 6747
502 2285
290 2753
2349 7866
4908 7503
4527 5987
6117 9666
2672 9882
9503 9705
4437 9418
7442 8054
1297 4767
1083 9179
160 9449
5876 7249
6083 7807
644 8930
37 6201
6521 7661
2784 7915
309 822
984 7453
394 6009
3517 5702
1222 4982
6062 6280
5829 9865
3194 8779
2339 4788
475 7677
1674 8817
1654 6710
4434 7758
3281 9370
3443 4791
557 8933
7409 9385
6630 9866
4828 7140
2443 4075
3239 6204
6074 6900
3484 7756
5376 7394
2264 9781
829 979
964 4329
2631 9562
6732 9443
7768 9849
2711 8758
293 7021
229 4337
3688 9947
639 1922
7888 9735
2419 7391
3153 7585
2338 2930
58 2588
7162 7423
1581 6438
57 6650
2634 4306
1060 2935
1546 7295
6846 8186
7684 9315
2921 9950
3474 6880
3711 7941
1066 9275
8226 9072
2221 8310
7771 8204
748 8466
487 976
123 351
3830 9219
2016 7533
5465 9159
6009 8643
1300 2740
3176 6009
3039 4434
1903 5226
3414 3491
2415 5513
4837 8186
2613 6389
8099 9321
2416 7053
95 1769
1356 3041
2053 2352
4808 4998
2403 9240
5864 7311
605 2111
4138 9545
1133 1333
7313 8545
8092 8096
3118 4432
1728 7579
4151 9399
1371 7422
2914 9686
2007 5046
1525 1742
6797 8848
6389 9212
519 8098
3036 3770
5949 7702
2265 7491
33 8694
7088 9984
5021 8572
1872 8984
6413 6534
4310 5950
1779 2771
1587 4028
4606 5814
3095 9890
909 1186
1866 4083
4787 8832
2776 7167
7961 8105
201 4180
1603 2257
4871 5229
7819 9631
6422 7649
2354 3605
5186 9823
544 5300
3469 9572
3067 8654
228 9399
136 721
6316 7918
3314 7926
1289 4239
3014 9556
6720 8894
475 2112
5949 9741
2515 3701
276 9892
907 7652
4292 7077
6089 8835
493 7215
8024 8175
390 846
1079 2971
560 7998
1804 8879
8903 9356
723 6071
6310 8917
3086 9586
2822 6085
2103 8490
3263 6803
1289 7083
4558 5182
4334 6232
2221 5036
3938 6478
6390 8065
4654 8062
2907 9515
3002 3063
9044 9360
1162 5629
3768 7226
4462 6230
5445 9535
1750 9344
2349 4704
3645 9349
1381 9361
778 6698
1493 8390
5192 7650
1724 9686
1451 4775
3212 7530
2484 6722
2778 9119
5301 9090
5463 6832
3993 9702
1883 5235
1691 3495
1003 5587
2565 7945
1540 8658
6203 9186
5538 5746
1107 7852
1353 8015
502 8455
4546 7311
9096 9115
1252 7816
786 1432
3003 8154
5998 9955
934 9274
3188 5139
1016 8121
4806 5850
2933 7316
4658 8476
9273 9329
3499 5073
266 8102
3273 6688
6868 8265
6208 6915
3186 9234
2222 7488
3804 9722
1563 3575
2832 7395
3773 3912
2417 5605
1803 8435
7128 7827
1334 5948
2387 3859
3607 4967
5218 6967
6783 7303
3311 9387
459 7459
1228 1965
911 2507
3834 7827
2057 9840
5655 6830
1253 2062
4675 6608
1636 7355
6300 8447
5129 9001
1093 8246
5740 8184
3292 9288
5830 9388
3126 8520
5670 7451
2415 8026
3772 7665
3931 5076
5814 8671
8347 9602
1567 2509
1319 1329
3043 3886
2272 4991
1370 4672
8762 9665
955 8164
6179 8319
700 4975
4303 5753
508 6727
285 2527
6032 9407
2320 4848
6262 6522
3769 4823
3613 4578
2790 6110
1235 3106
295 5517
3472 4063
669 2549
2726 9091
1671 5462
1232 3182
1443 7002
4233 9608
5700 8368
1239 8700
1410 9995
3159 4640
5008 6214
9778 9790
840 995
5375 8216
216 519
5334 8520
5426 7607
992 9412
3503 8019
2296 2883
5398 5824
1281 8972
2601 7472
2958 5249
619 1846
1677 2282
5403 6535
295 5548
3808 4055
2346 9441
1469 1758
4555 4675
2212 9335
2552 8420
6815 7064
4296 9904
3766 9170
2851 6753
1956 5404
662 4330
5958 8992
3093 4031
1800 8691
5465 6198
735 8787
6006 7619
288 8829
7331 7936
1579 1611
4989 6993
7197 9784
751 6643
3856 9226
5195 8995
4739 7586
75 8183
1883 6657
1548 4827
5683 6859
823 8625
356 1051
6010 9470
2584 4283
859 7830
4681 8079
2469 4864
2872 5053
3061 5975
2184 9075
1486 9046
3905 4951
5178 9146
4963 8927
608 3401
1134 3966
5140 7101
542 7841
6722 7077
2859 5704
1929 6088
1052 4029
7400 8888
2526 8857
1547 7685
8198 8903
4430 9069
3429 4589
3691 6429
965 5770
4600 7754
2821 9374
8568 9155
1331 9929
526 6910
7561 8930
4602 6516
4562 8045
3061 8465
5142 7443
4952 9821
2972 8549
6653 8252
4902 6020
4245 9938
1207 9329
5369 6899
661 5738
6965 7263
2103 3791
1236 7277
1914 7109
1576 5523
3205 4520
6778 8128
7863 8707
2434 4293
5870 8443
772 805
2819 3306
121 8808
1830 1956
4399 9644
5684 8569
4015 6764
2633 4480
3154 4464
845 8018
5686 8173
3399 6566
1525 1738
443 1848
4059 7738
1486 9962
4012 5407
1391 4429
2664 8333
3855 6445
2822 7984
3141 6195
521 4262
224 8225
4581 6954
5584 8398
109 460
7368 8562
1028 3134
348 1774
6053 8819
1560 5328
2258 7962
3573 4328
4193 6690
3424 9725
2002 3654
4260 8875
251 2579
819 2855
1437 1670
5541 8603
2087 6244
1553 9897
4098 8182
30 3234
2163 7123
5898 7284
4632 6789
755 3856
7306 9997
8173 8519
1632 7873
314 3065
3011 8610
336 5002
4676 9555
6716 9352
5863 9800
8811 9180
887 6654
1574 5271
2791 8935
4238 7149
6782 7792
5940 8079
7706 8772
7770 8138
3221 9188
134 2385
4835 6926
3897 5891
7342 8961
2302 8342
4595 8771
1080 4271
3278 7785
135 6191
3921 8514
113 2437
374 5896
7279 9617
5967 6412
4179 7863
81 1642
2930 5927
3380 5202
1590 5056
4431 8723
7365 9444
371 9205
1974 2226
561 3361
905 9241
366 9230
505 9337
4949 5139
9357 9937
913 5507
9619 9964
6822 7100
3712 4348
5234 8667
7269 9386
1467 4500
3922 7815
7690 9273
5164 6871
1154 7381
1753 5174
1069 9521
172 6661
5491 6601
2708 4140
5878 9172
5022 6734
240 6388
4334 5595
4010 6365
1616 9800
3533 5342
876 1171
3274 4612
1194 6708
1983 8624
432 8559
3379 5518
3615 9492
512 8272
1712 7964
241 4932
4884 8553
1386 2188
3493 6755
5204 9484
7768 8397
4781 9453
3901 8865
6297 6458
8252 8543
4953 7513
9039 9992
613 7710
285 9694
1198 6555
157 8669
5475 8723
2036 5589
1468 8639
2511 8878
4501 7866
5330 5814
3660 3862
3662 8186
1155 7362
4584 9277
2515 3221
8875 9644
4580 7962
2118 8120
536 4668
4889 7275
2028 3247
56 1020
621 6769
312 3902
4421 8468
2420 6393
8745 9746
6212 6982
6305 7008
5773 8186
1162 7200
1796 2151
3842 8867
1168 3126
1623 3396
658 7740
917 9001
485 1095
3633 9692
5473 9339
837 1823
4918 8995
437 6924
46 7693
4580 9078
5619 6028
1254 5442
4303 8327
7457 8755
433 3178
2108 4839
14 4708
4322 9995
2254 7923
1918 7957
1570 2204
7547 8890
1195 2401
577 3163
3148 5977
5618 5672
7364 8169
1904 9160
3302 6214
2930 5045
6538 7639
1591 6268
6328 6660
376 3445
4517 4999
1529 1629
719 6528
982 1284
2248 7928
3685 4160
5208 6957
4827 5508
7148 8904
7153 8684
2292 7800
3682 5711
2198 8100
1064 9716
4599 9807
1990 2852
2117 6810
1884 7023
885 2232
892 3658
360 962
1338 3248
2859 4241
2528 4098
939 8291
2301 2543
8295 8759
2889 5269
1244 1711
5465 5951
702 3783
283 3534
3663 9448
5465 6220
6853 9860
7405 8061
6540 9595
2346 2662
3527 5715
8822 9937
1564 1784
2670 7794
3707 4565
556 4379
1991 8017
4386 9564
5158 9888
4468 4632
8410 9926
5725 8014
7296 7612
4269 7734
4099 6707
2227 2682
1151 3249
2591 3011
4835 9161
6699 9715
3303 7413
232 549
967 1427
262 2273
2836 3999
2733 4895
1677 4884
9652 9785
5162 6796
4700 6347
275 6936
6155 6325
2729 7146
3395 5714
542 5585
3434 6161
2344 5093
6086 8154
6706 7333
1308 5026
7867 8656
4233 9117
8147 8879
5661 8649
7979 8932
159 2899
2838 9879
509 4801
2523 5406
2902 3380
4136 9810
2206 3203
6334 8228
6730 8732
3878 9290
7436 9692
6002 9328
6200 7938
4110 5448
1010 8318
5610 7411
101 3368
1250 7377
6219 9395
459 9358
2527 6755
254 4094
2922 8184
4524 7764
7040 9556
7418 9949
5843 8527
7130 8298
2201 5620
8005 8049
2220 8859
764 9083
6470 9083
9025 9895
2545 8756
973 2230
386 3053
2707 2856
3560 3644
5885 9146
896 6051
1642 7062
3803 8523
7431 8222
3921 9525
2682 6195
505 1155
2612 4047
3043 7482
4536 4624
3114 9344
5971 6666
5622 7491
6613 7710
4384 9107
4756 9667
2438 3724
4494 8230
2340 8722
5142 5148
8811 9265
392 7346
4968 8733
331 7981
1328 6218
796 1656
4038 8800
6611 9438
1927 4614
3028 4032
3892 6082
2036 3692
8374 8779
3431 9198
2533 3792
2425 4702
3205 5010
4889 6751
1073 2034
2723 5281
3073 6710
1509 7313
3469 5706
6571 9891
3672 6189
1812 4239
1678 8730
50 246
3279 7878
6201 8124
3209 7530
513 7198
2072 3934
646 7574
396 4492
4550 7036
2774 3337
4344 5452
832 2933
8044 8931
4982 8979
6712 7186
2109 4509
4979 9368
1881 6532
2313 7549
1518 4424
3556 5540
715 7758
6023 6473
7118 9028
4914 6821
316 4964
3395 7978
1448 5697
6323 6578
5970 8417
6804 7177
684 854
540 3017
6777 7888
4649 5201
4728 5490
4408 9971
1566 5551
5739 9822
4892 7439
252 9729
928 3471
416 4134
2057 6779
4365 9499
3046 9883
1480 2418
1356 4465
4543 7041
3782 4711
2417 9637
1754 5998
3918 7416
6407 6688
2278 4962
2260 4315
458 4308
5945 8530
3200 7031
2848 7297
3119 6247
6672 6733
3476 7998
3582 5214
53 8047
4385 4600
2854 9620
3254 6136
568 6364
1867 4482
3067 9022
360 8445
4723 4767
5416 8986
9035 9756
7659 8270
8449 8704
6643 8788
6443 8064
5167 7902
3981 9156
3092 7156
8213 9085
6687 8360
4906 5948
4585 9259
1391 6393
5257 7627
2038 9993
1230 8720
2895 8692
2066 8141
7206 9238
3548 6429
7250 9226
1439 6770
406 7411
1096 5922
2707 9164
4912 9692
190 8252
2023 3052
2334 3397
1961 3531
128 7335
4153 4466
350 4906
2664 5265
6402 9307
535 1385
1971 6253
7900 8302
6904 8801
6546 7549
714 4694
7971 8636
5261 5403
8604 9124
3894 4144
5799 6927
5609 7144
1904 2907
6554 9832
4713 9726
6490 9551
5304 7759
1271 5758
716 5658
3504 5606
7127 7655
5682 7704
3520 8055
368 500
4829 8374
2169 3371
5270 6904
711 7089
1998 7635
93 4886
895 7289
7025 9960
8726 8975
561 9424
1817 8336
1677 3013
6205 7639
57 2784
3690 7470
1731 9437
5929 9446
8062 8437
7677 9757
2673 7933
169 3118
4371 9510
2492 3062
1631 5322
1293 3901
1255 6928
4605 5140
9766 9999
4873 8376
5332 9905
6431 8557
6289 9375
2802 5637
954 7056
7475 9619
5473 8080
2371 4821
17 8912
3295 8920
3087 6507
3341 7666
6016 6139
1866 8833
2573 7933
5569 7325
3817 9682
6376 8976
3648 6423
5424 6091
8587 9287
18 5199
8048 9132
1122 4527
3567 4113
6070 9551
311 7444
2618 7352
3301 8614
5072 6373
3679 7873
51 9858
5379 8759
4444 5403
1067 2020
4550 4620
1111 2642
4795 8366
4899 5303
1991 5994
546 7217
4340 5563
5328 6822
1441 8081
4392 9403
6785 9605
1391 3968
2738 4766
2483 8634
1342 3644
3642 4787
1287 6926
1772 9825
3331 8021
6764 9225
3705 4995
5987 8617
528 7207
620 9469
3727 7292
786 7351
5425 7001
541 9460
1769 4992
1464 9369
370 4772
2226 9023
7208 7615
5132 7551
2762 5560
2372 7748
3068 8556
286 3346
2716 4625
5109 5681
1519 7119
452 2808
1695 8842
3917 5001
5587 6284
5087 7106
443 1898
4313 7462
6760 6840
919 9406
1532 2163
8978 9262
3709 4288
5087 9737
2808 5112
1252 4297
3945 8825
1864 8297
6914 7594
4374 7734
6741 7088
65 3134
1662 3397
4084 4908
3591 5795
7234 9157
5794 8355
6110 8229
1536 8663
297 9213
6916 9668
229 6944
9193 9204
1695 7247
905 7961
3845 8182
1652 4190
3513 3644
2990 5224
5009 9023
6128 6146
5310 7616
2646 3629
3984 6961
662 5102
3450 9260
4685 7051
7135 7441
3399 8303
3593 3987
2562 6325
5740 9868
1462 2611
1752 9692
2862 5940
4155 9054
5370 9924
4126 5687
4910 8934
5422 8083
973 8515
2348 5396
1277 9631
4731 5885
2138 9966
3060 4847
4045 5006
2067 4201
2685 5913
5229 6414
453 3228
1903 4914
4246 8890
2133 9084
8033 8042
3214 8081
6497 9093
9117 9302
4455 8968
1336 3527
1149 3285
1114 5408
5900 6520
5352 5736
9208 9387
6037 8023
5884 8360
921 6301
7849 9085
6895 9884
4205 4767
2005 7087
284 326
2419 4521
238 7972
1552 5414
2552 4313
4558 5415
1701 9607
7403 7475
5440 7904
277 7914
4310 4502
6553 6626
1832 8273
4217 8733
3953 6702
1563 9976
4089 8625
2071 7233
4536 7552
1084 6065
8084 9712
6967 9061
1108 9803
189 7319
5052 6388
1256 4065
5339 7230
3865 6867
735 738
163 8282
501 5966
3648 4569
2345 2848
2220 6101
176 7633
9246 9678
402 6429
370 9948
1941 3074
500 4138
6822 8803
1338 6122
1019 9419
241 5629
4559 4624
6653 8503
2483 8329
3982 5838
495 937
2141 8585
3074 5762
7116 7623
5141 7656
593 7711
4437 9628
323 6563
4818 8802
4244 7000
7348 8567
295 9076
1341 3660
4181 8711
677 2039
3543 9997
1074 4013
2372 4641
2013 2480
2085 9525
1706 6120
161 9763
354 6170
4614 8522
2676 8872
395 5327
1713 5458
3299 3870
505 3301
5167 9020
33 8488
3555 6529
1551 2844
1286 1769
5719 6957
7720 8804
461 1926
3036 3682
2527 5640
6014 8803
5679 6407
4977 9453
1298 9652
7778 7979
6919 9436
7113 8238
300 6352
5937 7225
3671 4606
4397 7995
2811 5984
360 8559
706 7630
118 2739
2266 7728
1764 5589
2738 3744
4036 8216
3496 4098
1537 5400
999 6418
1552 2131
7614 8398
3348 8571
7213 8744
381 2889
6829 8266
2618 4847
2404 4146
7064 8141
1544 1831
2979 4535
6635 8890
1993 7768
2034 6681
5514 6366
532 7715
13 2891
1972 6232
8889 9346
353 2772
2012 3649
4324 6975
5231 7015
3116 3934
5477 6853
4184 5806
2847 4809
31 5409
73 1467
3528 9239
1070 1398
9718 9726
4751 6552
150 6109
349 3706
2938 6146
1135 3882
3000 4028
801 6976
2056 2750
3982 8095
8247 9740
7233 8409
265 1454
8743 9311
107 5150
1291 1368
3295 4847
122 4487
1576 2497
871 4283
1340 4595
813 7401
896 2534
230 1079
1665 9024
2225 3620
5691 9699
542 2828
864 5201
7454 8046
556 8060
3658 8435
4152 4701
101 7787
7627 9087
582 670
429 5262
3724 8746
899 4721
824 8320
2412 6970
7693 8936
4607 8449
5097 9863
2102 3352
5151 9284
7354 9608
167 2537
5254 5431
919 9911
5738 8295
2311 8874
4891 5900
1065 6738
3003 8968
4769 9918
7815 8956
1708 8902
112 1621
5155 7467
2756 5825
2202 2405
1656 6525
2984 9278
777 6022
2707 6121
7044 9053
9355 9880
4152 5531
7393 7948
2790 7881
3948 3963
1603 3180
3254 9177
1854 7369
2102 4612
2374 4073
7695 9394
1859 9163
4263 6709
5321 7154
8748 8885
6497 7221
867 9220
8634 9288
2783 9876
3378 4625
6109 8616
507 2379
4586 8250
6603 7390
886 6865
1953 2292
378 1875
6364 8868
1059 3484
3296 8352
525 4156
3482 6199
339 6874
3936 5351
4107 4129
5026 5185
6046 8122
865 6855
5451 7418
1223 9423
7586 9481
684 2604
1963 4154
4783 5568
6168 9055
4357 7489
5874 9705
3710 4898
1106 8134
6789 8485
771 3605
6926 8826
8364 9252
564 8247
5867 9439
3140 3150
1726 4596
4864 7738
4662 6651
7233 8843
6581 7663
267 6952
3923 9204
3046 7163
1665 4788
4590 6039
2380 4239
1334 5658
4188 8486
2346 6934
4865 5291
3005 5304
5327 9305
6873 7436
2572 7155
3155 9886
4492 9970
2755 5714
4994 7618
2029 8762
4330 8965
1622 9603
2312 2409
3736 5472
3689 5773
3149 8116
1948 5936
485 7040
936 9032
2787 4481
7889 8463
4959 9902
998 7701
256 2591
684 6201
4652 5768
2942 4826
3933 5751
1125 9968
5370 9442
5652 7928
6575 9817
1755 2332
4611 8096
3156 3557
1314 6493
693 7695
1066 7141
2273 6763
6205 8083
8239 9808
2256 5659
1294 3028
5054 6507
822 2826
4408 4922
4703 9583
7312 7521
5693 9919
1226 5002
3512 7525
2087 7834
698 7944
3853 5365
527 9769
1213 5920
6678 9713
4272 7741
3041 9022
1491 4377
7281 9808
3623 4086
1852 2267
1203 1662
8898 8927
963 2113
5728 9887
5345 9807
197 2198
1373 3806
3933 9953
2593 9213
4085 8799
2548 6756
1089 1637
109 6191
1994 7069
1267 2440
1453 7662
1866 6564
1277 8429
6204 6970
9374 9529
4880 9380
5116 5748
4611 5361
909 1189
8861 8968
4085 8436
8072 8643
6342 8300
4328 7949
1645 9389
64 1224
5422 8296
886 2474
3648 6061
2373 8055
358 7223
52 760
2993 7678
475 4379
854 934
5495 5871
29 9825
4037 7645
732 8479
2675 6774
1109 9581
2152 8399
472 4304
8064 8935
1081 8312
374 3200
5357 6311
1459 7980
782 5870
2923 7423
2618 5938
982 4684
994 3397
1042 1729
2865 8426
7355 7933
2761 9398
491 3222
755 1177
3096 6764
759 2830
3873 8501
12 9782
1533 4884
1684 7105
4205 5380
1464 8815
3540 6059
7416 7689
6029 8218
4955 5923
1372 7694
1023 8534
6040 9230
1777 5960
4243 6062
1772 7962
1110 6097
8854 9007
1500 2755
3461 7932
1532 2563
3712 7477
7253 9307
5041 5599
5497 8818
3726 8171
2688 4866
8644 9923
335 4226
635 2970
4886 8522
2771 8343
1004 3641
5986 9448
8349 8888
1055 4157
2446 5169
5500 6313
5820 9807
1017 2515
2129 9034
1598 2170
253 8380
8039 8205
7404 8402
7933 9151
128 927
1493 4197
3653 5197
3968 9383
2012 2356
2194 9680
640 6982
1547 8707
5325 5761
1285 4048
3061 7361
4040 6265
6494 9166
8349 8633
6786 7755
4167 5730
1288 8690
249 9105
6647 9656
2574 6900
1665 6712
429 977
7488 9114
1778 3500
5006 7623
3135 3823
864 9166
6503 8531
2375 8541
1711 2141
4921 9972
740 5678
3479 5043
1794 6722
1166 7538
6791 9070
5786 6231
1918 3891
1107 1834
2261 7357
1992 7051
4523 8001
2148 4376
5336 6769
4322 9625
3368 8355
4084 9225
5539 8895
488 5928
893 1555
1971 9329
919 4099
5339 9759
7699 7877
781 8793
3867 9643
2860 9348
3032 6529
711 7939
838 3184
2137 2891
383 9261
3794 6183
510 6842
6914 8530
5498 7926
2837 9592
522 1902
1454 8357
2192 6848
7948 9188
24 1016
6161 6498
3059 9494
1677 2370
3189 7766
6278 8051
79 3770
682 6264
5245 8507
582 3955
2946 4416
712 6660
5608 7021
3482 9326
509 2354
969 4779
461 2648
3937 7438
2986 3697
5055 5856
693 7699
3247 9257
2264 8021
4859 9504
6785 9145
3809 9617
933 1755
32 9812
4444 9522
477 2119
402 5788
268 6906
1603 5419
8024 8278
2978 8104
4856 8166
1568 5668
1799 9647
484 8286
6881 9282
2981 8168
3740 5398
2202 6329
1740 9373
1136 9946
2456 9937
528 6469
1149 6875
5269 8184
4910 5391
2649 4671
7007 7450
5410 5848
508 1967
2573 7836
5390 8597
5326 8160
2158 8610
1020 6153
2752 8181
6513 9858
3344 5057
4782 7821
5205 7262
2636 5852
1031 9411
1812 5427
2797 7792
4068 5082
5303 5694
326 2903
987 4126
1380 2782
5085 6965
164 9913
946 4307
516 2250
5804 8294
6069 9819
64 3889
2570 2970
2371 9225
1980 2315
1076 8937
2118 9373
6311 7620
2347 6869
5031 8857
3139 3973
4030 6897
3033 9265
3390 6919
866 5231
4879 9258
1529 6915
3106 9841
5468 6632
4978 8472
2582 9808
873 9469
7511 8492
6084 6942
6889 8745
2819 8097
3877 8747
7916 9362
5165 9154
1081 4773
3176 4875
1593 8898
3088 7224
1653 8022
2779 8472
404 682
2688 4118
1243 5039
6209 7654
9136 9312
2687 2963
425 1997
8956 9007
8991 9778
1306 7464
4803 9899
4287 4369
7997 9304
5526 6558
7247 7389
8018 9000
1607 7299
2913 5664
5957 9202
2354 5031
1139 3461
1852 6605
543 5790
7238 9163
3443 9298
9260 9865
2721 5432
3451 5806
5728 6404
464 2047
714 9104
2615 9221
4281 5505
1233 1363
2728 4168
2209 8599
7983 8033
1246 9485
5346 9106
3260 8765
8395 8487
6426 6895
8674 9868
301 6729
2165 4766
5096 6342
260 6889
3052 7776
1098 4386
599 7788
3953 6733
5214 5241
7652 8597
645 6395
4912 5869
3051 5888
6541 8873
1235 7057
1501 8730
632 2756
1294 1801
2915 6323
527 7177
1876 4838
2107 6522
1955 8586
657 4792
3769 8776
5271 9795
1529 9949
2901 3809
780 5861
7078 7331
842 9817
263 1335
3874 7154
4582 5411
426 1048
4058 7760
1354 5286
6239 7883
6861 9273
5253 9480
1088 3748
2594 5010
404 3237
4334 9085
5313 9671
186 5018
6443 9152
1162 2791
3273 5623
4902 5119
5341 5869
4408 7001
947 9937
748 9135
1919 6187
4802 5484
4921 7144
1123 3791
922 6070
2728 2839
1749 6696
5138 9693
2236 7310
5040 8163
1122 5583
1554 8530
20 4353
6254 6861
4567 9821
5234 9582
8453 9906
871 8812
1454 3868
2095 6175
3348 3695
310 5854
253 6060
1073 7356
2923 7821
4486 5204
598 9532
1231 1323
3750 6358
1558 5734
3246 9190
6027 9145
797 889
3324 9233
3535 5403
2089 9505
5130 9232
2539 9006
1903 8871
5864 6862
1768 8521
3008 6286
1391 6130
6637 6969
6 2509
8045 8514
3525 8915
1024 2803
6330 8935
4890 7090
1558 2889
3710 6008
1422 8390
1478 7162
860 8362
2677 4869
1523 9278
593 1411
1882 1992
3085 7026
2460 2543
2349 5226
7395 8780
7117 7646
1260 4133
3454 5477
1606 4452
6103 6501
694 2339
475 2212
2811 6438
2115 9254
226 3865
6406 8652
1855 9977
1434 7844
1542 5619
1838 9502
3329 5618
4306 5458
2674 5785
4012 4877
263 929
853 8661
2397 8616
5091 9263
2312 3733
2202 4171
6460 8222
1147 6295
1099 5346
161 3345
1661 9143
1772 7468
5458 7743
3240 8869
4536 5372
4446 4962
3660 7775
1522 3375
4564 4942
6613 7899
1019 4884
2495 6509
5028 6398
1585 6292
9298 9865
111 8721
5993 9794
1889 6067
1004 6244
1501 3246
401 5335
1363 6266
1355 1484
5053 8513
840 8157
872 5271
5725 8480
763 6505
2470 4175
3651 7432
1044 6180
3773 5145
2459 9454
1242 7987
7808 8032
1040 5683
5719 8837
1832 6509
835 8497
4277 5917
1268 2830
5215 9543
1475 5601
3174 8799
2326 9153
3612 5618
5913 6177
3473 4992
1142 9296
5868 8360
11 7956
9475 9816
7997 9210
65 2052
5465 7601
7783 9385
1476 6337
7114 7797
1102 1564
1290 9229
2268 9236
7673 9370
5893 9694
6845 9764
1545 4103
3819 4946
8851 9282
474 7074
5794 8400
4206 7044
2757 9266
1108 1319
4771 9707
7362 8664
7290 8107
6773 9575
5300 9631
485 7276
1815 6856
3556 6295
1483 2346
3561 7319
22 8781
2126 9761
1973 9538
2111 6092
1104 9958
1711 5803
4515 8981
8058 8090
784 4674
1606 5188
5276 9080
4230 6666
69 4397
3114 9320
4805 9308
231 2885
2165 4409
428 3028
3336 9631
3655 4050
5564 7833
59 2114
1630 3235
2369 3524
1178 2215
5118 9821
2939 5065
1827 5182
590 8770
2186 6190
1951 2561
7074 7761
9022 9076
2072 5967
4326 5552
2615 8089
530 4998
3155 9463
2426 8846
4703 6964
4707 6552
2635 9763
2777 3961
3834 7999
74 9444
3857 6669
2384 2414
1066 5068
3904 8772
5707 7246
6958 8807
5123 7774
5908 6046
2043 3725
4849 5620
5480 8833
5245 9572
627 5633
7858 9970
2812 7968
3781 8262
1636 2578
2781 6915
3204 9987
1921 3631
1582 4798
246 3667
2002 3272
5179 5303
383 3186
4072 6358
4758 6226
839 4312
971 9988
2630 4583
1471 5811
4972 6438
5708 9307
6883 9728
1918 5801
1471 3075
35 3168
4735 8236
7952 9710
4874 4905
4112 6887
667 2441
5291 8261
8106 9778
2157 5715
5015 6366
6577 8759
3106 5613
5475 5986
6492 6792
160 1232
3765 6242
3080 8893
6523 7916
5195 7841
4411 9723
1376 9180
1314 6236
3839 9956
1940 5325
5227 7150
1537 7812
4964 9947
5892 8998
4960 9782
4051 8487
1429 4010
11 497
2336 3155
5384 6971
3897 5166
1868 5652
71 348
3969 6287
4558 8580
3574 7769
3588 8701
7120 7663
8570 9468
4198 7402
5423 8812
1358 9429
9066 9379
2740 3631
57 8876
2227 3114
4371 6261
1267 2750
1178 3708
414 8898
565 8126
7554 9238
609 8563
1432 4116
5900 6319
4379 5098
2607 3591
1765 2407
6861 7452
7706 9730
4584 9962
4236 4796
3144 8071
2104 4824
1635 6265
977 9837
6338 7877
716 1138
3579 4728
7410 8882
5252 7078
4038 9865
4751 9345
6786 8460
3671 9983
742 5505
895 9535
3181 5540
6872 9423
4921 5452
1466 9581
2585 2887
1112 3672
431 8413
3903 5222
4949 6936
761 4540
1847 3228
684 8945
5629 6047
4125 8107
1046 4444
28 9796
2718 5051
3139 5045
812 7942
2437 8149
2070 9311
4115 7925
4278 9313
1317 5964
6995 7633
5163 9604
6531 7829
1293 8365
2448 8760
5663 9618
533 9742
1448 4123
3545 4810
817 2328
7589 8790
5863 8099
5732 9487
7636 9506
2660 8439
705 6188
3679 5160
1760 9091
2930 3036
1540 2231
2833 6408
7750 8750
3984 7301
2736 3706
5462 9825
3636 6731
1559 4790
1826 5227
5387 9858
1239 6547
1530 2435
3345 9282
4773 9096
875 5850
4419 6333
5670 6781
1697 3591
7187 8682
2165 4498
982 2039
5578 9990
6616 7328
5424 6656
1247 4442
536 1111
2060 2949
809 4238
64 2729
2218 2772
6364 8587
574 3020
5589 8851
5354 7598
8492 9725
8793 9370
1635 3197
4143 4497
6855 9075
1144 1730
4549 5011
315 9409
397 2458
7035 8509
3971 7399
1293 4758
3544 4127
3327 5857
2727 6214
450 2893
466 7339
2264 8424
114 270
1513 3131
3496 7811
4261 7552
1660 9314
1157 8925
3936 9964
5033 7561
1822 8058
5132 6671
214 5410
6614 9957
6371 6929
1282 7843
1084 8316
3228 7577
3348 5218
1977 5487
8143 8720
5713 9168
2384 7933
6465 7562
1199 5137
665 1534
5090 5363
4518 9261
9243 9331
8145 9118
4149 7343
1016 7845
335 992
3353 8743
4286 5290
2473 9567
4853 6966
451 3080
6030 8115
2819 6562
1543 6210
1478 7192
3761 5816
2395 6424
3602 5294
5607 8627
2517 9182
1248 6364
1385 3839
3177 5698
6840 8829
6590 6871
3072 9891
4789 6242
4019 5268
319 4628
3622 7055
659 8838
2163 6395
8734 8995
7390 9688
3060 9726
5765 7009
1647 7534
4207 8397
4604 5202
500 1740
315 9422
652 9090
4373 6491
120 690
2026 2897
2195 8580
3564 8706
7488 7539
1798 3288
6781 8884
417 6827
142 793
6526 8511
3080 5349
2304 7105
1173 2099
1688 5675
3161 5178
670 4359
4579 8237
8261 8360
3469 3733
1543 2449
5869 9034
1130 4982
6360 6684
5388 9089
1256 9008
4692 5277
6668 8316
4728 7567
478 4303
4449 4788
3679 9673
784 8816
3028 3449
788 3313
442 1560
1112 9800
2248 6175
1174 5944
335 9358
3806 8463
1044 2578
287 1363
5830 9436
1353 3119
1240 5535
1492 8864
4626 9613
8072 8934
7136 8243
4639 5219
6710 9374
5062 9520
195 6972
6075 9114
7634 8210
1545 5052
7093 7167
1940 9792
2835 9620
3838 9015
711 2756
6229 7969
7326 7407
8132 8423
1163 7446
4085 6181
2843 6691
3580 6738
4155 8469
1629 5099
2552 7734
3001 9608
3666 5485
2216 2467
7016 9841
9582 9929
5267 5790
1605 5568
6685 6904
1720 9539
4171 4853
2160 5341
1714 6242
1253 2710
24 2493
7535 9313
2695 3043
1055 9808
3359 6996
1905 4761
5921 9659
2160 3219
6898 9203
2922 7774
7343 8980
2160 7571
151 9924
8317 9924
2998 6600
2124 4809
2091 3271
5717 7058
1014 1841
1310 7087
3086 6242
7773 8107
6105 9430
1424 5149
1596 3079
255 1184
219 9297
842 9611
4412 6134
5886 9611
4940 5805
1108 9203
4556 7799
4100 8325
652 6009
1878 7818
237 337
785 2473
4331 5655
7238 7541
2403 4161
1525 4607
810 7325
862 7013
6373 9138
2009 4214
1159 5982
8406 9579
6367 7311
4728 8761
5022 6907
2766 6654
1228 1301
5655 6579
5888 8776
118 5169
2969 9040
325 653
6432 8198
3059 3320
4029 9747
4588 4638
1119 6410
2239 8856
5091 6188
111 5914
1716 5969
887 6028
1918 4793
3184 5028
4493 5303
5515 8645
3373 3640
1302 1637
3653 3877
1145 6557
3819 4135
1569 5323
4163 6255
7396 8109
2389 9559
1015 1116
4326 6185
3761 6610
1598 7592
4113 9873
3223 3381
4216 4542
1698 8592
1889 3746
3561 4894
224 3639
3390 4955
1003 8761
2553 4149
857 5000
1024 2870
616 4651
2341 3291
5528 9083
7394 7479
809 8661
5636 7082
5843 9460
3353 4166
3804 8749
3137 7977
901 5727
1188 6778
4610 4655
3849 8332
737 1725
3191 7158
3032 6758
5953 7103
1189 9842
5881 6838
2859 6565
7181 9498
1781 4406
2839 7329
2021 2363
3783 4792
6978 9936
894 7913
275 9242
4758 9073
7048 9967
142 9718
1705 7867
3718 4393
1734 1851
3355 6828
7747 9927
6516 9476
883 4191
3095 3697
3588 8184
6043 6890
4896 8619
4255 9897
2554 5173
2926 3078
121 6308
2961 5435
1249 8824
6217 8202
7700 9689
6181 7071
1431 7665
5213 9865
2219 9674
104 9735
1971 5223
2806 4166
1997 2215
7279 8558
4306 7471
3094 8884
3157 7704
8480 8883
87 8928
7917 9141
2575 7797
1409 1669
3141 4508
7254 8177
2332 6656
3091 3799
1096 2108
1527 9604
4153 9704
4285 5310
586 5539
2758 4316
6265 8954
5854 9244
516 4703
4479 8381
1689 2390
4150 8822
1455 4840
5459 7050
1154 2866
3928 9046
5309 5560
5613 7618
3130 3256
2257 8187
2608 6667
611 6276
101 4363
2100 6039
1535 7305
5133 9183
641 5919
1614 4813
1557 7504
3062 4850
2037 6702
6625 8680
231 6652
3483 3997
7670 8457
3713 6759
1293 4214
347 8988
5150 6225
7561 9820
8142 9240
4884 9662
4684 6698
5786 8909
4078 8689
4899 6605
6055 9456
4171 9726
1737 2744
8083 9561
8311 9191
1561 3269
3808 6651
2689 7300
8805 9232
603 9700
6448 9033
1865 3299
8564 8669
3671 9594
1426 4197
5810 9763
902 4575
6816 8929
3063 8513
1978 5477
2034 9050
457 2482
1034 7022
7546 7974
796 6309
801 6533
5058 5408
1030 7776
2408 3290
5799 7910
6290 8143
1322 3035
43 8016
2936 4798
5864 9248
1158 2018
2441 8095
2588 6919
232 2600
3408 7922
2172 5482
965 1042
3323 4601
3427 6752
2029 5733
379 4604
1471 5211
123 8430
3223 4565
3835 5350
3038 4995
1250 3936
3746 3968
146 6810
7515 9667
3681 4337
6415 7004
937 8801
6837 7147
4081 7830
560 7238
5302 8708
3275 8690
558 2653
1404 6367
1369 8743
8742 8872
39 5856
3657 6050
2494 2963
1556 5234
3885 8361
3531 5788
1544 4572
2395 9805
3757 9421
4290 7836
1087 9739
2401 5123
602 9552
1276 6483
1976 9391
3605 7815
1600 7794
2324 5618
4021 9899
4144 4545
5175 7264
634 8800
8983 8995
2185 4357
527 9931
5136 6746
6396 7861
1500 7211
6677 7298
1524 4902
2233 8992
2673 4495
4271 9236
6352 9589
1776 5020
1713 3105
1574 6595
4921 9846
4993 5723
366 794
1538 1787
9070 9197
3185 5691
8607 8763
859 8679
1736 7549
1425 3255
1770 6162
3701 9586
4447 9008
7409 9129
184 9646
4839 6788
1565 6155
2327 3210
7497 7904
74 7596
5539 6288
1038 4481
4444 6864
6386 7873
595 2412
4353 6442
2715 6892
8107 8323
1806 9580
5623 7734
3906 4177
3851 7441
552 9753
3374 4124
47 9898
676 3052
1513 1550
430 7561
1200 9567
5093 9081
50 1651
1207 9338
6165 9226
7596 8714
1448 7941
4705 7304
622 2869
4140 6848
4023 4428
6744 8417
825 905
4049 4593
5501 7453
3437 3790
2811 9092
7153 8697
6050 7228
1416 2313
1910 6370
1520 5404
3955 4677
8543 8860
3001 8329
2834 8266
840 5459
553 6710
5468 6449
845 6843
611 4610
6242 6763
3988 9751
2225 9538
3341 3498
1383 7512
6675 9623
42 8346
2602 3376
675 5218
512 5742
108 6257
4638 5055
6241 8260
4034 4892
1482 9442
6663 7925
2003 2316
6374 9225
4375 4795
95 6243
7584 8640
1142 7513
2715 8395
3306 5125
2310 8177
1332 6560
3683 6609
1406 2753
2049 2336
3857 5305
3712 3974
2578 6186
7419 8739
5268 7024
6264 7075
3673 4344
4728 9401
6821 8301
673 9621
1767 5496
319 1013
2407 6558
7366 7367
4641 9289
4946 8490
2243 2960
4700 6664
2118 5826
496 8803
5380 8974
156 2370
4899 5267
3777 3868
1243 7446
5883 7088
1978 5224
4475 5034
2120 8846
3526 7988
27 789
2614 9078
5785 9918
4049 8821
5442 7597
2160 9042
5171 9591
5033 8262
3110 9050
2406 3568
203 3404
4731 8611
5904 6073
4859 8777
1118 8402
594 1881
1536 5327
3522 6073
929 3141
4561 5988
5087 9310
5779 7980
372 2541
3039 7939
1024 5856
2201 3695
4423 6047
245 9079
208 6540
551 3849
6894 8607
2328 8672
412 6207
1546 8231
1623 9792
1866 3179
1702 3283
2543 8904
5710 6568
5766 7068
1671 8406
5571 8054
6924 8303
39 542
404 3202
6254 6585
828 1326
4532 5710
1073 2379
7920 9017
2942 9605
4841 7597
1027 7377
830 6056
299 1133
2806 4870
2825 6835
4250 9610
6272 8542
3028 9887
4313 7721
3217 9946
6158 6812
3394 4683
6560 9270
2703 9981
3607 6013
3272 8224
2973 6908
3272 9011
1032 3959
410 5863
7873 8443
7474 7984
6941 8420
948 1584
436 8325
5111 8555
5918 7969
960 1125
5085 6371
1871 5977
1333 7276
7341 9103
3285 7400
2131 3086
6415 9735
7628 8784
4823 9822
1434 5704
6373 6611
2406 5815
7985 8807
2238 4302
1358 6414
6193 6948
2344 5986
464 4036
5517 8704
4333 5917
9147 9729
4877 9735
7418 7959
1886 3160
83 4774
5622 8322
825 3748
2354 6182
3549 6643
237 4828
3323 4430
423 631
2287 2848
4229 9340
1107 4163
3939 9955
1903 9707
7990 8543
2253 6010
2495 9486
1343 9466
297 3397
3571 3922
2156 6120
5111 9901
936 4601
1332 3023
3510 4959
3655 9741
1585 2194
147 271
5088 5489
1425 6774
6405 9028
2122 9329
1932 7591
3409 7461
1765 2563
1052 8303
2974 5293
6497 7671
117 1779
223 3886
4141 4850
2030 6395
1407 1905
5449 6910
1232 9809
6995 7246
7957 9571
1660 6751
1921 4743
3844 6033
3727 5245
2107 9301
6404 7211
6437 8084
1884 8530
690 3078
598 6334
4746 8696
1571 9433
4570 9802
3889 4557
4943 8921
1597 4267
139 2309
984 8971
2860 5907
774 5036
2714 9610
2899 5752
548 8290
5745 9537
8788 8911
1412 6300
4937 7535
2501 7353
2136 7151
4092 8318
2435 7355
4647 7040
246 5477
1272 6014
2416 3527
8432 8460
1367 4280
1085 2962
6730 9875
3619 8730
5974 9509
950 5105
1148 6012
1739 4456
726 8691
3080 6073
683 8148
4130 8101
6719 9659
5241 6746
6523 6575
501 6183
1637 8337
112 8373
1404 9407
5199 7947
3658 9555
4939 5120
5386 6972
415 690
2059 3172
1793 6985
1301 5566
1582 9069
1297 4977
3586 8426
2110 8647
1207 8390
4952 7645
6710 7874
1197 5908
314 977
1502 9280
4345 8575
8400 9163
2082 5219
1705 5222
5563 9908
778 9451
2295 9910
226 7611
6441 8478
3671 4749
1446 8132
1654 2969
5808 9116
5339 6237
324 4934
2416 9376
2576 5033
3755 5399
1488 6206
4924 9977
1413 2217
5295 9598
1620 9085
2671 5697
3372 4837
5980 9418
1919 5817
8374 8444
104 4534
2371 3916
6852 7789
9321 9927
3259 8209
412 6666
8409 9738
927 3485
15 3884
1906 6481
2116 9253
3012 3309
2058 6622
1568 3133
4535 4807
624 667
3075 5018
3001 7961
1661 5671
973 1274
2023 7900
2543 3343
392 5292
2408 5925
5316 7082
1527 7344
7507 8736
4135 8154
48 5721
1558 7623
302 6801
561 1691
6883 8101
2772 8158
5538 7923
570 5173
5453 6826
3646 7466
8274 9777
994 8191
691 2206
3916 4139
6649 9050
9173 9205
2315 5051
2047 3226
3301 6201
3038 7871
1973 8972
6621 7194
1370 1416
5231 8366
4262 8715
5434 7427
1343 3023
2492 6948
2052 8252
2840 5275
1447 3734
3141 8889
4979 7359
4160 4706
2064 6931
2985 5058
6489 7073
1120 1984
6471 9771
6043 7488
581 7868
2475 3620
1901 4928
6444 9895
2823 9451
4402 6698
7062 7358
21 6346
4189 9828
602 9857
3760 5602
4452 7480
7204 8396
2171 2816
1296 1468
4821 4948
3981 5087
7712 7904
1264 1984
1395 8888
407 3856
1657 7703
8271 9742
2990 3291
1792 8994
3135 4611
4145 9199
7387 9448
2468 4908
6041 8299
2472 8386
597 3463
2144 8056
7417 7811
2232 7206
879 8156
8492 9001
2746 7532
5272 7763
5519 5557
456 7332
2857 8328
1174 6990
8206 9704
347 4847
6423 8615
7909 9049
2901 9956
3220 4228
1779 7930
137 3520
5064 8234
2415 4191
458 7858
3489 9240
2504 2596
1983 8113
2626 8531
4548 6581
1301 5487
8130 9813
1928 7893
6735 8212
1862 3150
7562 7939
2174 8297
764 1210
2575 3985
2539 5225
5506 9652
136 9272
247 5121
3208 7165
991 3709
9363 9517
6592 6821
2648 9734
2903 6921
7718 8968
8159 8852
4622 5055
2986 6479
1752 2111
5044 7605
4088 4146
2665 6170
1570 2955
3216 7517
139 9416
2648 5846
4160 8751
8026 8453
2658 4820
2787 5416
1238 8810
1498 2513
2671 8880
6128 7692
6181 7747
3391 7138
1268 5813
71 7020
1797 2191
9 1810
2744 5668
7769 9107
736 7976
4640 5918
579 2488
1361 1459
7454 8791
6299 9556
6655 7055
6207 9792
542 3924
798 7851
873 2773
4806 5763
7702 9214
2361 3043
1872 7042
535 8778
2078 7515
2132 6668
3765 9093
2592 6072
749 5696
5921 6416
4609 7289
1905 8000
5188 5522
573 3852
1979 2126
1506 3221
352 8809
4167 7749
5175 7258
885 1920
515 7083
1440 9024
2391 5655
282 7937
3764 3952
5217 6284
2320 6633
9082 9717
4424 5634
5482 7086
2322 4268
2908 8208
8119 8546
4706 7631
1343 9001
5171 7815
3876 9432
635 8866
6026 6058
6344 9555
4258 6863
2577 7163
3290 6621
6582 8567
6144 7583
3984 9892
9260 9678
3028 8533
7980 9866
6116 7089
101 5988
833 1759
5088 7524
1447 4246
862 7106
3784 8162
4261 7841
618 963
7255 9049
1234 4971
5549 9530
1981 7428
4475 6961
5369 6333
4599 6627
1383 3977
2981 8998
4505 5478
2325 4544
8443 9674
1956 4790
5124 5907
4984 5788
4233 4487
890 8310
2440 5811
526 5189
640 9636
3743 9621
5125 7863
7411 7719
4436 6057
679 7098
8438 8479
2663 6200
858 6610
3410 4018
6336 7396
7436 9763
1294 3292
2868 7951
1948 5544
109 3934
482 2155
135 1096
939 2768
94 1609
6348 7971
278 7926
5533 9301
1774 8968
2056 9314
3101 7960
1250 3758
617 1996
1632 3819
1405 7107
2182 9673
7178 9814
1496 2005
942 8257
1994 8951
5688 5705
2457 3469
3692 6829
1705 8866
561 7320
2255 5917
487 1701
5828 9610
5441 5991
8829 9555
7841 9915
1551 5541
2014 7543
9489 9736
764 9240
487 1000
3715 6754
842 6679
573 3294
1599 4556
3919 6551
2364 3858
1893 7324
3786 4340
4626 9579
675 2363
5857 9881
2485 4423
1277 8529
2008 8005
3152 7007
8147 9356
6078 8236
3364 5488
2905 7260
733 5882
4893 9821
28 6617
1529 7377
951 5532
3711 7957
1492 7302
6760 9231
4102 9695
3243 7200
2470 2811
2683 3082
5457 6285
4646 7506
330 6510
573 2124
757 9286
654 9296
2615 3597
2314 5165
3996 5497
3232 7597
4169 6524
1674 8583
7433 8560
3534 8497
1976 3965
3946 8380
4869 6806
456 2405
2219 5498
4897 5086
1454 1951
1098 5928
1741 3623
191 2841
7028 8076
3192 7153
1950 4251
1248 2999
406 6905
1590 5781
978 9517
7763 8953
2376 6588
1559 6044
5527 7694
505 9813
4835 8757
480 7362
3342 8650
5961 7727
1663 9811
889 8495
8631 9794
6220 7394
860 9887
6313 8309
97 2864
459 4097
2566 9013
1453 8323
6766 7458
4733 9854
832 7239
2439 5800
7148 8771
316 348
4646 8743
1762 2564
1568 6988
2282 8551
5931 8523
3022 5045
7407 7972
672 9443
1207 3498
552 3176
2556 9093
2521 3293
4567 9086
3107 4810
3374 6990
1154 4840
2242 8087
869 8133
2180 8380
37 6063
645 2399
6532 7977
1461 4335
2984 8230
5084 6084
1584 3551
5447 7785
3463 6696
1413 4535
557 1988
1160 5482
1089 6425
6234 7814
730 3455
8320 8587
104 4020
2420 8209
762 2660
8272 9978
2623 2733
2767 4184
5636 6976
1880 6858
5432 5742
6681 8329
1392 5060
1249 1896
1779 6562
4530 5761
1598 3963
2019 2930
463 1587
5937 8771
1466 9397
2037 3659
6234 8195
50 8555
3334 6074
3818 3960
224 3658
868 8789
7657 8973
100 2626
202 1578
4059 7101
6025 9322
8295 9824
1423 4562
981 1920
3923 5998
3887 6572
6110 9704
3486 7536
3140 7861
2263 9276
1412 4223
2223 8315
5054 7532
4697 8585
991 7543
3889 7581
1730 3881
4485 6792
4595 7921
5598 8960
2483 2922
2995 4375
4329 8432
3507 4034
3387 8061
2122 8531
4936 4993
1435 7770
2396 7313
8 6458
3847 5032
1329 9526
717 3350
3926 4886
840 3986
444 1065
3072 9932
7394 7598
631 7880
3049 4722
2990 4536
6025 8546
4302 7200
7317 8164
2142 3557
1937 4767
6852 7980
914 2083
4451 5259
3154 3204
108 6071
1417 2891
2952 8466
1032 4022
2200 8520
185 6948
1372 1404
4704 5441
138 8091
1416 9785
9429 9461
4443 8394
364 3878
4688 5983
8155 8228
5630 6469
7950 9331
9320 9781
4382 6739
1203 7099
3547 3990
2158 8603
268 9086
803 3719
4858 6345
3571 5118
3278 8601
2075 7428
5645 9246
2239 7900
1302 5485
3815 7749
2297 8647
3899 9188
603 8188
78 3415
757 7885
2699 5450
5040 5805
669 5460
3089 5140
2625 4403
141 9026
4155 6782
1959 3956
2796 3892
232 4323
2235 9005
9251 9824
1853 3310
4165 6270
4167 6740
2631 9069
870 3945
3534 9428
1810 9568
4284 4789
4200 8618
4161 8441
1365 3698
3798 3954
2626 7362
361 7756
5258 8787
1922 5705
4929 8094
7522 7632
5514 9418
2259 5484
2815 3705
1519 5251
715 9448
1599 8963
1837 6813
390 6354
294 340
271 9284
3482 9130
800 7705
6699 8478
4998 7322
2999 3772
6486 7011
4996 6914
7526 8870
6141 6904
6038 7365
3890 6506
1683 3281
90 8955
2107 5696
6037 6143
3771 7190
7862 8931
5537 8682
401 2285
1726 8897
2655 9333
4739 6658
1335 8614
5122 9841
1902 8394
5244 7200
2016 3188
494 1071
1668 8893
4190 7983
7667 8463
5921 7709
2037 4211
7319 9619
3572 6407
4100 4116
5527 6362
7872 8252
478 5393
317 8171
5504 9002
1858 7805
2731 4703
2799 9012
1563 1916
869 6068
706 9950
1417 8777
2361 7296
2558 7597
5707 9760
5386 9185
883 5563
2921 5836
5161 5248
4445 8999
2455 5872
1398 3621
1091 7116
4037 5173
2643 5190
2280 4670
2810 7815
2000 4449
2876 7873
4562 6242
1916 3893
6051 9517
2089 8245
2081 7782
2464 5370
1259 6391
5373 5947
1272 6678
3857 9284
162 4356
4405 5205
1135 6788
604 919
482 8278
1353 1593
143 3395
4232 9497
977 9837
1108 6322
6696 8265
7055 7323
2130 2190
6209 8962
1045 8666
693 5984
6099 7054
1991 8405
4673 7322
1040 7165
427 8894
5461 7681
1827 7877
1239 6130
1551 8157
1383 3477
4839 7433
109 4048
1721 9303
6130 7940
939 7843
4600 6812
268 5910
1538 8407
6957 8481
1953 7747
6543 9915
2399 9899
2892 3118
954 9339
2568 4090
2969 7560
1984 5731
652 2200
652 8698
1056 9527
4052 6038
3761 9551
7514 8774
4436 7384
1746 3147
7259 7662
837 7134
3360 7490
3918 8135
1441 2152
8294 9085
4060 4886
4525 6720
8557 8921
5190 9015
3253 4753
1599 7035
690 6232
7158 7450
3617 3634
7186 8407
192 336
5911 8781
39 3050
2667 8164
3468 7765
5303 7909
5551 7019
760 7595
755 9092
1316 1807
6741 8531
550 4285
158 197
791 8039
5699 8510
589 9388
604 8297
2976 4560
2113 8351
3027 4397
5673 5910
832 3067
2969 5203
1235 8403
5158 9407
6500 8253
2101 4257
7317 8959
4092 8977
6799 7023
6151 8276
5598 8315
1318 3332
2755 7799
2343 8099
7863 8550
1148 8714
3689 6414
696 6808
4727 5142
2447 4867
188 4669
7497 7527
2893 8200
31 9761
4244 8668
3968 5262
6270 7015
3980 9619
513 3153
3977 4848
1094 9918
647 5912
640 8008
2127 7878
2675 4311
4657 8132
2235 3179
2824 8259
2690 4130
1168 3010
1832 3495
6531 7735
4027 8899
345 9441
3064 8910
5734 7694
1694 6998
7525 7677
736 6716
3014 4135
4846 8733
3466 9860
1687 7790
4034 8605
2182 9764
7762 9822
4278 8688
4241 7412
4616 8388
1384 8434
5344 8439
76 9513
632 8887
5110 7321
514 1012
93 9368
4137 9428
7558 8516
2356 2743
989 1326
20 7996
1609 8350
835 8924
4920 7902
370 2119
197 6700
819 9510
987 6847
4361 9843
1655 6702
1082 5575
3791 9184
5826 8509
1383 7163
3077 9312
5903 8674
2310 5886
1669 2003
3510 9813
788 792
1906 4468
7744 7868
3822 4215
2308 9922
7042 9407
492 3447
2379 5411
2276 5322
1703 1804
1126 1465
5137 8412
5122 5773
3143 9448
3919 6806
3565 9310
318 5444
766 4339
7021 9274
148 5624
5043 5534
1758 5941
151 835
3136 4250
4537 9235
617 3927
5747 7840
545 7362
3920 8172
4984 9930
241 1235
2349 2442
8347 9073
1269 4637
865 4151
7537 9542
3254 8522
1687 9902
2253 7755
482 9912
4672 7997
6970 7186
4972 8582
7854 8814
1558 5836
6660 7456
1502 5093
4200 9006
2090 6615
2088 5346
724 6493
1733 3738
449 5827
2896 4695
516 5762
8855 9458
27 5225
1923 8271
8359 9828
3822 7608
3767 9584
2765 7442
1925 5044
3564 6534
3416 9556
3952 6379
5009 7972
1269 1763
7512 9713
4337 6115
4334 9165
80 154
2993 4578
8328 8542
5038 8869
932 2771
1405 4839
54 3575
1475 1669
3232 8350
1565 6970
7030 7144
551 7644
3038 3495
4611 8571
2140 3342
7011 9722
10 3303
849 7587
1187 6281
3307 7397
1855 9356
98 6104
798 6925
3737 6549
1654 8945
4810 6217
2099 2754
1077 4002
328 7053
5894 7862
9002 9242
359 456
5201 9838
5811 9680
378 9030
3778 8786
1486 8227
2889 6895
1958 8379
3517 3950
3905 6844
331 9740
5996 8933
4793 7802
466 6654
3445 8634
3355 8926
4198 9729
2651 3967
136 9012
737 2583
3563 7749
956 6430
9291 9684
1672 9517
7806 8015
314 8154
2813 6205
2354 8992
46 790
2434 8233
7470 8318
4502 5616
1781 5514
1015 2947
2495 3923
1057 7417
1755 4322
1728 4909
2193 5499
9341 9588
2997 7113
780 2381
3819 5165
1877 9768
6260 9518
1274 6681
1013 2412
784 5206
1738 9636
5656 6862
1831 2500
3471 3697
1819 8894
1092 7379
112 8522
1171 6351
4191 8311
4005 5689
813 8618
2422 8105
3117 9720
7385 8706
2410 4699
2898 8601
7185 7809
5784 7784
1982 9540
5500 7785
434 3303
6199 8038
4660 8641
4293 7569
3359 9344
3821 6563
2511 3272
2130 4680
437 5330
5646 6704
1857 6197
1992 7385
1729 5617
4104 7978
6782 9073
3878 6213
1420 4858
798 1178
3382 7380
1886 5951
4599 8628
5665 9486
5225 6965
4900 8991
1438 7990
210 3870
449 8644
1899 6567
2975 8566
604 4471
3807 5998
5779 6775
5860 7896
2108 4275
8459 9799
3263 5927
3440 6188
5238 8881
1330 9488
649 1093
3058 7876
7560 9982
2330 8457
1093 9233
4062 5115
2555 4419
7407 7584
7908 8537
7396 7826
2629 6551
307 7748
6177 8305
918 7056
8195 8694
4583 8995
1568 2726
2272 8320
577 2751
7474 7641
9898 9960
1327 4346
1182 5806
7533 8153
781 8786
970 3154
2899 8843
8596 9640
605 4931
109 8837
3018 6402
1799 4697
4970 5217
8361 8381
1547 1617
4169 8420
3075 6636
9148 9638
1584 4208
2987 8153
2465 6045
857 3810
4794 7355
457 626
997 9001
1116 7886
578 4278
4976 6554
7122 8160
1916 8946
2909 6592
3952 6935
4432 7707
4761 6534
1946 4886
2638 4228
973 3015
2277 6029
2982 4974
2626 5042
7564 9072
4350 9071
7129 9871
215 8538
665 5154
5232 8985
1436 6607
2503 4898
5618 9316
1120 8693
6285 8766
384 4723
1288 5941
7628 7666
5778 9233
5768 5923
6169 6448
7603 7915
8124 9922
1747 5218
4599 8465
2085 4421
4435 9628
1480 6951
1189 7904
1307 7277
4744 9738
6458 9973
2286 4353
6653 8313
8295 9538
2280 3959
1823 3664
4275 8016
587 9155
7091 7707
1890 9632
1909 5328
1758 6694
5209 5894
7014 9802
2010 4328
1916 3910
4694 5411
31 5616
8881 9191
4309 8749
2434 4179
4793 5259
4512 8004
4548 5336
9156 9209
3671 4647
246 7643
2580 6015
816 8142
2329 3387
6131 8692
358 2973
4144 4383
1139 4062
1498 8878
1423 4429
5701 6149
542 4195
3782 4140
4672 8883
1827 8362
207 6092
3922 6386
1010 2006
5283 5925
3656 8890
2193 5641
80 2942
729 7935
1114 5999
4005 5227
2793 6875
925 1308
3954 4873
40 1682
2562 9469
4736 5033
6004 6113
4994 5657
543 5397
2305 5286
1076 2773
2939 8653
1640 3171
1861 4361
385 8563
1016 9233
1398 3859
1900 3973
3600 5565
4149 5949
1581 5980
944 9393
199 2003
3636 6160
2508 7128
6473 9481
6414 8560
4451 4626
1980 5818
6226 9171
8034 8340
6190 8549
1564 1620
786 1053
1012 4912
4082 7595
504 1975
1590 9864
2120 6241
1359 8323
25 8105
6723 7412
4561 9624
4949 8648
897 3274
4791 6128
1975 2922
7388 9594
7215 8260
7054 9836
3875 8802
1078 5589
4112 9768
3413 8479
7516 7739
2281 4795
597 2473
854 7012
5666 6814
3255 9414
3318 5424
3670 9092
3945 6806
1429 4136
4208 9176
8653 9427
3676 5411
2629 9055
513 3907
2362 7184
645 2971
228 6922
1451 8989
8177 9159
3144 7645
4811 9571
2954 8154
1114 6127
777 1691
1994 7359
3190 9594
2518 7491
3340 4150
122 3883
4678 5257
1018 7565
1312 7825
2588 5290
2516 5660
138 2795
2727 3006
4571 9774
1540 6655
321 3901
2736 7812
152 1265
361 4125
5991 7406
3818 6819
3507 4536
2624 5248
784 5494
1848 3713
208 5987
6819 8409
2616 3031
7145 7874
1298 8121
6477 7220
5998 7728
2138 2672
2326 4992
911 2954
3473 5906
7553 8733
105 716
6598 9923
5121 6656
2279 4040
983 4910
1970 9056
554 8652
3942 6417
16 9859
2695 8352
4518 9831
219 6388
2566 2877
6625 7172
5148 5425
8068 9413
1385 8573
3430 6921
6458 8921
6643 8580
6970 8757
697 2739
7155 8528
2435 4885
2213 6651
841 6315
923 4865
1390 2508
3848 5541
7471 9224
6561 7511
545 5420
4227 9337
248 6419
3389 6121
5734 5810
4620 9081
1624 7724
5090 8712
4437 8517
3011 9384
2941 5674
1778 3493
877 1576
169 2942
5794 9543
6002 9282
736 5026
806 4229
3693 7983
7177 9104
8513 9095
233 3184
4959 6233
1132 1144
1088 2796
1174 6810
6889 8212
2604 4104
793 2189
7034 8792
6258 9361
1390 9827
5227 7282
9242 9947
3987 6658
3807 3865
1720 8071
4804 5748
6258 8654
2072 5978
8853 9865
203 2989
2206 7995
3752 8025
2769 5089
7181 8512
1465 8410
6056 9203
929 9640
4451 4990
4371 7587
2298 3490
1569 3850
21 6315
2986 5812
6217 6626
5590 8637
573 8347
4332 4676
2546 4543
5415 7555
7533 9409
6848 7205
2843 8168
2075 2477
655 8894
5834 8368
73 3642
4399 6045
3463 7387
6924 8185
5560 5916
7318 8464
4289 6344
3792 6848
5277 5735
3325 3458
88 6057
