1000 1000
149 742
444 808
817 927
70 645
155 780
346 601
481 832
1 205
330 433
415 941
14 901
494 865
414 861
139 739
850 885
283 309
7 57
506 882
137 857
290 608
86 450
619 987
295 987
391 888
36 419
30 576
586 727
179 587
547 893
52 216
218 536
459 803
386 811
535 671
314 687
76 213
288 852
793 899
194 704
78 955
361 979
809 854
642 899
187 486
192 708
611 893
593 771
481 869
767 886
318 860
365 957
152 880
57 548
14 570
530 706
155 554
135 644
22 642
453 998
310 557
105 831
582 776
823 987
215 762
574 940
80 649
64 354
243 606
295 740
393 643
162 757
137 890
839 889
145 562
573 934
465 948
263 808
127 208
560 986
69 776
213 397
5 439
166 413
60 685
174 806
140 188
450 613
450 500
252 938
305 444
579 990
236 560
762 786
715 803
66 556
916 987
697 966
649 717
480 715
108 434
371 671
555 634
655 761
324 370
226 478
760 835
753 962
420 769
91 884
638 936
291 809
524 954
597 630
220 455
214 393
209 418
434 811
696 791
86 935
71 938
426 758
901 939
716 746
662 856
512 883
446 897
172 964
272 990
544 910
152 723
773 780
303 695
364 534
445 755
125 342
71 549
91 710
46 385
203 441
137 739
500 708
838 917
375 587
424 536
750 750
513 994
31 991
391 544
142 867
149 863
159 349
694 872
433 979
525 857
311 905
401 832
179 968
162 943
493 797
96 427
737 984
93 203
898 967
193 801
496 751
414 729
325 971
303 938
561 790
250 422
33 185
825 976
439 582
101 169
771 957
43 172
939 969
800 885
497 725
124 143
95 142
98 834
503 737
136 866
471 607
363 463
173 230
55 880
229 735
48 625
192 363
554 860
189 923
65 636
73 615
341 789
469 696
7 52
108 353
207 937
254 712
371 716
272 788
528 888
220 514
471 691
22 690
267 412
367 860
137 738
267 853
251 549
60 605
328 744
278 358
372 541
509 535
937 994
483 928
762 989
597 650
498 535
665 782
72 348
76 119
101 234
409 447
26 696
245 287
535 552
152 393
138 259
303 557
96 188
129 590
859 943
887 939
385 472
745 895
54 727
421 860
67 602
470 637
696 863
56 826
136 259
16 17
97 390
738 808
55 353
108 328
81 978
430 830
78 87
168 685
377 759
550 603
197 284
367 635
133 572
153 640
317 575
328 414
152 201
153 161
383 847
610 634
206 949
14 169
645 652
173 207
588 934
590 803
71 223
418 977
632 722
232 659
206 434
304 506
22 58
520 931
331 779
304 637
56 285
213 451
4 38
13 424
295 473
432 802
118 235
461 687
60 377
246 331
149 486
645 824
97 588
782 790
102 393
231 633
218 924
86 540
229 343
615 625
553 595
566 600
433 737
131 996
641 916
229 361
166 235
60 392
57 427
89 571
541 714
89 265
340 715
533 541
136 213
87 873
35 755
297 969
279 609
356 448
583 893
21 782
354 974
41 59
83 184
136 179
70 562
589 738
355 494
865 901
398 618
405 512
732 770
9 23
612 895
26 308
633 714
630 872
532 832
38 417
376 762
537 976
39 829
422 698
247 381
359 554
618 793
426 897
32 257
205 472
87 144
290 601
417 545
503 581
216 569
296 550
426 762
60 530
330 879
270 813
153 695
677 903
684 918
641 650
232 399
237 704
375 934
557 954
619 902
242 470
282 936
488 497
565 818
313 849
438 988
752 757
361 807
164 514
62 526
518 764
633 855
147 428
722 903
719 971
189 907
25 267
781 907
27 222
450 599
474 855
244 952
206 855
154 435
634 712
77 210
68 356
399 464
271 334
190 932
161 297
416 713
793 867
191 488
39 342
33 519
310 331
472 708
473 988
36 116
680 695
236 726
218 745
126 959
64 89
895 918
443 681
657 666
234 888
419 475
98 363
11 289
85 859
85 664
716 787
207 987
251 398
688 877
161 854
131 327
371 833
204 298
466 999
72 666
267 778
407 846
148 265
336 468
152 657
535 966
187 595
380 575
78 898
107 598
3 994
731 752
298 833
395 775
99 311
253 963
174 639
181 498
111 322
476 856
279 580
176 488
17 592
31 255
522 840
243 781
612 771
288 475
66 533
819 896
463 617
127 726
301 502
138 616
363 811
789 819
245 305
4 591
334 400
438 518
420 774
254 300
410 614
358 823
600 886
597 687
729 958
719 935
215 813
450 773
299 388
701 922
191 430
310 380
665 719
474 590
474 632
455 988
82 633
914 928
131 307
558 708
640 972
2 341
97 524
400 987
355 578
218 666
326 791
27 826
31 490
158 488
587 804
671 918
820 824
169 603
306 524
279 531
134 962
533 805
97 604
218 892
187 315
251 500
59 598
295 338
231 805
318 724
302 625
637 662
95 888
736 744
334 640
210 423
42 613
218 838
24 691
327 601
440 715
113 199
488 865
238 458
335 461
127 758
698 855
299 879
131 183
98 176
821 942
351 889
617 818
450 925
71 540
680 916
92 239
258 378
141 388
675 727
166 635
159 412
214 474
556 816
226 681
383 710
435 844
906 928
567 826
683 899
141 238
45 644
144 334
234 256
160 188
389 527
135 873
166 271
290 664
663 906
823 936
130 251
385 619
72 554
478 576
268 280
559 908
118 710
479 499
666 706
583 792
382 464
221 512
114 986
223 848
34 778
300 576
323 969
263 791
247 621
240 937
354 799
271 882
790 822
167 607
416 596
18 363
349 584
211 720
59 730
406 613
8 375
148 587
266 948
206 698
113 352
255 811
360 606
297 451
148 685
489 550
264 415
99 837
453 933
113 625
641 829
574 586
378 732
680 734
139 650
300 305
175 581
731 755
458 479
853 891
103 701
166 521
514 576
803 953
868 969
114 511
23 532
238 623
214 604
719 754
8 295
85 841
41 683
210 217
240 463
642 809
473 640
666 859
20 65
643 932
324 704
723 763
494 866
140 389
758 913
466 899
493 984
575 668
24 993
360 650
383 391
89 840
54 411
120 375
445 503
479 869
818 933
456 776
333 812
386 500
92 441
142 597
415 778
205 935
476 689
270 510
418 518
449 978
225 852
104 345
289 997
190 217
388 513
590 861
419 951
390 715
513 679
611 927
556 571
170 909
536 558
180 279
258 568
376 790
362 875
675 913
35 541
192 776
6 969
16 530
389 593
451 875
888 960
224 315
365 595
123 826
437 470
267 287
152 285
404 602
438 854
205 923
347 513
428 626
85 996
501 706
22 139
54 184
569 869
489 905
182 696
128 239
61 159
806 913
201 790
548 810
768 827
75 801
246 979
322 351
591 726
298 971
354 702
602 723
721 870
515 828
357 627
509 943
697 795
585 623
334 571
149 724
791 969
628 959
31 699
331 753
602 872
405 704
35 139
96 408
212 671
782 797
48 136
73 609
599 985
351 378
954 994
63 79
35 791
604 912
73 230
252 746
96 244
65 890
113 795
38 661
208 938
659 914
428 824
181 562
35 843
893 894
142 890
304 528
231 869
370 929
278 477
469 524
97 404
509 637
182 856
634 802
220 781
708 978
281 298
877 943
362 660
558 621
563 628
537 554
801 815
326 458
94 510
482 685
408 957
252 344
370 373
688 877
290 665
537 709
159 197
205 438
478 555
694 976
572 774
804 829
472 933
233 315
557 902
299 656
601 848
62 153
179 974
21 356
738 943
619 816
94 925
63 609
50 312
78 764
49 972
176 382
59 854
300 603
432 866
323 369
106 621
662 708
534 823
264 559
132 154
359 379
697 856
98 235
527 902
272 495
202 327
729 946
324 684
142 400
66 374
427 635
23 319
624 629
110 122
538 997
684 750
495 624
425 992
131 381
280 315
486 752
117 229
155 482
735 913
43 112
126 217
718 935
327 996
219 357
312 567
403 743
225 627
593 782
256 694
533 755
7 322
33 907
93 739
43 508
725 797
641 691
607 882
721 779
330 384
107 566
53 388
493 832
390 751
523 569
707 977
310 602
202 956
252 325
52 310
5 595
404 658
208 899
266 623
557 771
269 961
61 537
186 320
10 800
44 400
650 884
321 701
254 539
187 454
295 572
105 559
109 243
527 987
7 659
293 369
210 453
370 822
402 443
31 35
196 402
669 821
356 945
794 871
150 594
95 239
682 760
133 226
424 499
64 741
330 986
498 766
492 992
363 786
546 960
626 930
242 779
35 141
37 713
269 661
65 441
281 319
156 744
373 627
80 499
375 864
37 483
667 709
15 790
652 838
373 984
450 463
165 329
28 397
35 892
601 912
541 587
501 504
751 752
361 914
365 741
704 841
1 519
233 759
31 676
72 386
342 953
494 561
476 762
414 693
489 962
386 695
18 511
307 365
229 999
261 486
178 768
186 225
398 416
178 755
39 922
8 651
133 236
272 500
251 265
903 999
105 825
240 743
202 876
392 537
181 556
230 363
680 895
232 432
403 623
59 329
449 961
24 406
113 661
638 998
89 99
137 831
433 551
102 222
435 477
146 753
889 926
255 782
404 847
636 769
231 775
349 961
